name,datetime,tempmax,tempmin,temp,feelslikemax,feelslikemin,feelslike,dew,humidity,precip,precipprob,precipcover,preciptype,snow,snowdepth,windgust,windspeed,winddir,sealevelpressure,cloudcover,visibility,solarradiation,solarenergy,uvindex,severerisk,sunrise,sunset,moonphase,conditions,description,icon,stations
London,2020-03-01,10.5,5,7.1,10.5,0.5,3.9,0.6,64.4,0,0,0,,0,0,56.6,32.7,238.8,988.8,41.4,33.1,77,6.6,4,,2020-03-01T06:44:48,2020-03-01T17:41:35,0.23,Partially cloudy,Partly cloudy throughout the day.,partly-cloudy-day,"03769099999,03680099999,D5621,03672099999,03781099999,03772099999,03770099999"
London,2020-03-02,10,4.1,6.3,10,0.8,3.9,1.6,73.9,0.034,100,12.5,rain,0,0,50,23.2,293.1,990.3,50.8,31.3,52.1,4.8,4,,2020-03-02T06:42:38,2020-03-02T17:43:21,0.25,"Rain, Partially cloudy",Partly cloudy throughout the day with a chance of rain throughout the day.,rain,"03769099999,03680099999,D5621,03672099999,03781099999,F6665,03772099999,03770099999"
London,2020-03-03,9.1,2,5.4,6.8,-1.2,2.8,1.5,76.3,0.004,100,4.17,rain,0,0,51.5,23.8,254.9,1002.5,41.7,32.5,61,5.3,5,,2020-03-03T06:40:28,2020-03-03T17:45:06,0.29,"Rain, Partially cloudy",Partly cloudy throughout the day with late afternoon rain.,rain,"03769099999,03680099999,D5621,03672099999,03781099999,03772099999,03770099999"
London,2020-03-04,8.5,2.1,5.3,6.8,1,3.7,3.1,85.8,3.005,100,4.17,rain,0,0,29.9,14.5,120.8,1007.5,87.7,15.5,37.9,3.1,2,,2020-03-04T06:38:16,2020-03-04T17:46:51,0.33,"Rain, Partially cloudy",Partly cloudy throughout the day with late afternoon rain.,rain,"03769099999,03680099999,D5621,03672099999,03781099999,03772099999,03770099999"
London,2020-03-05,6.5,5.6,6.1,4.3,1.8,2.7,4.5,89.6,15.982,100,12.5,rain,0,0,47.5,26,29.7,994.9,93,7.6,9.5,0.8,0,,2020-03-05T06:36:04,2020-03-05T17:48:36,0.36,"Rain, Overcast",Cloudy skies throughout the day with rain.,rain,"03769099999,03680099999,D5621,03672099999,03781099999,F6665,D4121,03772099999,03770099999"
London,2020-03-06,9.6,3.1,6.3,7.7,1.8,4.5,0.5,68.4,2.004,100,4.17,rain,0,0,35.6,16.8,314.2,1005.2,46.4,25.1,78.3,6.8,5,,2020-03-06T06:33:52,2020-03-06T17:50:21,0.39,"Rain, Partially cloudy",Clearing in the afternoon with early morning rain.,rain,"03769099999,03680099999,D5621,03672099999,03781099999,03772099999,03770099999"
London,2020-03-07,12.6,2.1,7.8,12.6,0,6.7,4.6,80.2,0,0,0,,0,0,51.6,31.8,225.7,1015,80.1,18.4,55.4,4.6,2,,2020-03-07T06:31:39,2020-03-07T17:52:05,0.43,Partially cloudy,Partly cloudy throughout the day.,partly-cloudy-day,"03769099999,03680099999,D5621,03672099999,03781099999,03772099999,03770099999"
London,2020-03-08,13.1,7,9.9,13.1,4,8.8,5.8,75.7,2.206,100,12.5,rain,0,0,61.2,37.1,234.9,1006.1,62.2,25.8,65.1,5.6,4,,2020-03-08T06:29:25,2020-03-08T17:53:49,0.46,"Rain, Partially cloudy",Partly cloudy throughout the day with rain.,rain,"03769099999,03680099999,D5621,03672099999,03781099999,03772099999,03770099999"
London,2020-03-09,11.1,4.6,7.7,11.1,1.2,5.2,4.1,78.8,1.204,100,8.33,rain,0,0,59.8,29.1,241.2,1011.1,61.4,20.9,59.4,5.2,3,,2020-03-09T06:27:11,2020-03-09T17:55:33,0.5,"Rain, Partially cloudy",Partly cloudy throughout the day with rain.,rain,"03769099999,03680099999,D5621,03672099999,03781099999,03772099999,03770099999"
London,2020-03-10,15.6,10.6,12.9,15.6,10.6,12.9,10.3,84.2,5.008,100,4.17,rain,0,0,73.3,36.9,247.7,1005,88.7,31.2,40.7,3.5,2,,2020-03-10T06:24:57,2020-03-10T17:57:17,0.53,"Rain, Partially cloudy",Partly cloudy throughout the day with early morning rain.,rain,"03769099999,03680099999,D5621,03660099999,03672099999,03781099999,03772099999,03770099999"
London,2020-03-11,14.6,9.1,11.2,14.6,7.2,10.8,7.3,76.9,0.201,100,8.33,rain,0,0,62.1,33,238.5,1008.8,72.2,35.5,67.6,6,4,,2020-03-11T06:22:42,2020-03-11T17:59:00,0.56,"Rain, Partially cloudy",Partly cloudy throughout the day with rain clearing later.,rain,"03769099999,03680099999,D5621,03660099999,03672099999,03781099999,03772099999,03770099999"
London,2020-03-12,10.6,5.1,7.9,10.6,1.6,4.4,1,62.1,0.605,100,16.67,rain,0,0,75.2,41.9,252.8,1010,40.8,30.4,79.3,6.9,4,,2020-03-12T06:20:27,2020-03-12T18:00:44,0.59,"Rain, Partially cloudy",Partly cloudy throughout the day with a chance of rain throughout the day.,rain,"03769099999,03680099999,D5621,03672099999,03781099999,03772099999,03770099999"
London,2020-03-13,12.5,6.5,8.6,12.5,2.2,6.4,2.2,64.7,0,0,0,,0,0,52.2,28.4,254.7,1017.4,73.3,27.9,53.3,4.6,2,,2020-03-13T06:18:12,2020-03-13T18:02:27,0.63,Partially cloudy,Partly cloudy throughout the day.,partly-cloudy-day,"03769099999,03680099999,D5621,03672099999,03781099999,03772099999,03770099999"
London,2020-03-14,12.6,7,9.7,12.6,4.1,8.6,6.2,79.3,2.988,100,8.33,rain,0,0,45,26.1,199.1,1013.7,85.3,25,62,5.5,3,,2020-03-14T06:15:56,2020-03-14T18:04:09,0.66,"Rain, Partially cloudy",Partly cloudy throughout the day with rain in the morning and afternoon.,rain,"03769099999,03680099999,D5621,03672099999,03781099999,03772099999,03770099999"
London,2020-03-15,12,7.5,9.8,12,6.2,8.9,6.6,80.3,0.609,100,4.17,rain,0,0,52.9,29.6,215.1,1008.6,87,30.3,34.9,3,2,,2020-03-15T06:13:40,2020-03-15T18:05:52,0.7,"Rain, Partially cloudy",Partly cloudy throughout the day with late afternoon rain.,rain,"03769099999,03680099999,D5621,03672099999,03781099999,03772099999,03770099999"
London,2020-03-16,12.6,4,8.2,12.6,1.8,7.2,2.3,67.6,0.201,100,8.33,rain,0,0,24.5,16.1,273.9,1021,28.1,31.7,93,8.1,5,,2020-03-16T06:11:24,2020-03-16T18:07:34,0.75,"Rain, Partially cloudy",Partly cloudy throughout the day with rain clearing later.,rain,"03769099999,03680099999,D5621,03672099999,03781099999,03772099999,03770099999"
London,2020-03-17,13.6,5.5,9.6,13.6,3,8.6,5.9,77.8,0,0,0,,0,0,47.9,23.6,218.1,1027.2,69.8,25.7,87.6,7.7,4,,2020-03-17T06:09:07,2020-03-17T18:09:16,0.76,Partially cloudy,Partly cloudy throughout the day.,partly-cloudy-day,"03769099999,03680099999,D5621,03672099999,03781099999,D6143,03772099999,03770099999"
London,2020-03-18,15.5,9.5,11.9,15.5,8.1,11.8,8.5,80,0,0,0,,0,0,43.6,24.2,228.3,1024.7,94,26.9,50.3,4.4,2,,2020-03-18T06:06:51,2020-03-18T18:10:58,0.8,Overcast,Cloudy skies throughout the day.,cloudy,"03769099999,03680099999,D5621,03672099999,03781099999,F6665,03772099999,03770099999"
London,2020-03-19,8.6,6.5,7.7,7.2,3.9,5.4,6.1,89.2,0.402,100,16.67,rain,0,0,33.8,17.6,52.4,1026.2,96,7.3,16.5,1.5,1,,2020-03-19T06:04:34,2020-03-19T18:12:40,0.83,"Rain, Overcast",Cloudy skies throughout the day with a chance of rain throughout the day.,rain,"03769099999,03680099999,D5621,03672099999,03781099999,F6665,03772099999,03770099999"
London,2020-03-20,10,6,7.7,10,2.3,4.5,2.2,68.7,0.2,100,4.17,rain,0,0,53.3,26.7,55.4,1028.4,83,31.5,62.4,5.4,2,,2020-03-20T06:02:17,2020-03-20T18:14:22,0.87,"Rain, Partially cloudy",Partly cloudy throughout the day with early morning rain.,rain,"03769099999,03680099999,D5621,03672099999,03781099999,F6665,03772099999,03770099999"
London,2020-03-21,10.1,4.6,7,10.1,1,3.9,-0.4,61.8,0,0,0,,0,0,56.2,32.9,76.3,1026.3,52.3,30.7,111.5,9.7,6,,2020-03-21T06:00:00,2020-03-21T18:16:03,0.9,Partially cloudy,Partly cloudy throughout the day.,partly-cloudy-day,"03769099999,03680099999,D5621,03672099999,03781099999,03772099999,03770099999"
London,2020-03-22,10,4.5,7.1,10,1,4.4,0.4,63,0,0,0,,0,0,51.8,27.3,73.5,1026.5,21.6,30.9,119.9,10.2,6,,2020-03-22T05:57:43,2020-03-22T18:17:45,0.94,Partially cloudy,Partly cloudy throughout the day.,partly-cloudy-day,"03769099999,03680099999,D5621,03660099999,03672099999,03781099999,03768099999,F4685,03772099999,03770099999"
London,2020-03-23,11.6,3.6,7.3,11.6,0.7,5.6,-1.3,55,0,0,0,,0,0,37.8,17.9,104.4,1026.6,11.4,36.3,129.2,11.1,6,,2020-03-23T05:55:26,2020-03-23T18:19:26,0.97,Clear,Clear conditions throughout the day.,clear-day,"03769099999,03680099999,D5621,03660099999,03672099999,03781099999,F6665,03772099999,03770099999"
London,2020-03-24,15.6,3,8.8,15.6,1.1,7.9,-2,48.8,0,0,0,,0,0,34.6,17.4,146.6,1025.7,22.3,31.1,129.3,11.1,6,,2020-03-24T05:53:09,2020-03-24T18:21:07,0,Partially cloudy,Partly cloudy throughout the day.,partly-cloudy-day,"03769099999,03680099999,D5621,03672099999,03781099999,F6665,03772099999,03770099999"
London,2020-03-25,13.1,2,7.5,13.1,1.3,6.7,-2.9,50.9,0,0,0,,0,0,27.4,15.2,77.2,1024.5,11.7,27.4,132,11.5,6,,2020-03-25T05:50:52,2020-03-25T18:22:48,0.04,Clear,Clear conditions throughout the day.,clear-day,"03769099999,03680099999,D5621,03672099999,03781099999,03772099999,03770099999"
London,2020-03-26,13.1,2.6,7.5,13.1,0.3,6.3,-1.6,55.4,0,0,0,,0,0,43.6,23.4,53.5,1023.3,37.7,18.4,134.5,11.5,6,,2020-03-26T05:48:35,2020-03-26T18:24:29,0.07,Partially cloudy,Clearing in the afternoon.,partly-cloudy-day,"03769099999,03680099999,D5621,03660099999,03672099999,03781099999,03772099999,03770099999"
London,2020-03-27,13.6,3.5,8.2,13.6,0.5,6.8,0.2,59.8,0,0,0,,0,0,48.6,26,38.2,1023.8,3.8,15.8,128.5,11.1,6,,2020-03-27T05:46:18,2020-03-27T18:26:10,0.11,Clear,Clear conditions throughout the day.,clear-day,"03769099999,03680099999,D5621,03672099999,03781099999,03772099999,03770099999"
London,2020-03-28,11.1,5.5,7.7,11.1,1.5,4.9,1,63.1,0,0,0,,0,0.3,56,31.9,36.3,1028.8,37.7,23.8,111.1,9.5,6,,2020-03-28T05:44:02,2020-03-28T18:27:51,0.14,Partially cloudy,Becoming cloudy in the afternoon.,partly-cloudy-day,"03769099999,03680099999,D5621,03672099999,03781099999,D4121,03772099999,03770099999"
London,2020-03-29,8,3.6,5.6,4.5,-0.4,1.4,-3,54.4,0.2,100,4.17,rain,0,0.2,64.8,35.8,32.8,1037.4,62.2,31.8,98.1,8.1,4,,2020-03-29T06:41:45,2020-03-29T19:29:32,0.17,"Rain, Partially cloudy",Partly cloudy throughout the day with late afternoon rain.,rain,"03769099999,03680099999,D5621,03672099999,03781099999,03772099999,03770099999"
London,2020-03-30,10.1,3.1,6,10.1,-0.1,3.4,0.5,68.1,0.2,100,4.17,rain,0,0,49.3,20.7,23.3,1034.8,78,34,54.9,4.8,2,,2020-03-30T06:39:29,2020-03-30T19:31:12,0.21,"Rain, Partially cloudy",Partly cloudy throughout the day with late afternoon rain.,rain,"03769099999,03680099999,D5621,03672099999,03781099999,03772099999,03770099999"
London,2020-03-31,10.6,3.6,6.7,10.6,0.4,4.3,0.6,65.9,0.001,100,4.17,rain,0,0,42.8,20.9,53.3,1031.4,49.4,30.7,90.3,7.9,4,,2020-03-31T06:37:13,2020-03-31T19:32:53,0.24,"Rain, Partially cloudy",Partly cloudy throughout the day with early morning rain.,rain,"03769099999,03680099999,D5621,03672099999,03781099999,03772099999,03770099999"
London,2020-04-01,9,1.5,6.2,7.8,1.5,5.4,-0.6,62.5,0.198,100,4.17,rain,0,0,23.4,11.3,330.7,1024.3,56.7,30.8,89.8,7.5,5,,2020-04-01T06:34:57,2020-04-01T19:34:34,0.25,"Rain, Partially cloudy",Partly cloudy throughout the day with afternoon rain.,rain,"03769099999,03680099999,D5621,03672099999,03781099999,03772099999,03770099999"
London,2020-04-02,13.1,6.1,9.9,13.1,3.9,9.2,3.1,63,0,0,0,,0,0,41,23.6,279.9,1016.2,84.7,39.1,87.7,7.5,5,,2020-04-02T06:32:41,2020-04-02T19:36:14,0.31,Partially cloudy,Partly cloudy throughout the day.,partly-cloudy-day,"03769099999,03680099999,D5621,03672099999,03781099999,03772099999,03770099999"
London,2020-04-03,13.1,6.1,9.8,13.1,5.1,9.3,2.5,61.4,0,0,0,,0,0,25.2,13.4,274.3,1017.6,74.3,34.2,73,6.4,4,,2020-04-03T06:30:26,2020-04-03T19:37:55,0.34,Partially cloudy,Partly cloudy throughout the day.,partly-cloudy-day,"03769099999,03680099999,D5621,03672099999,03781099999,03772099999,03770099999"
London,2020-04-04,16.6,3.6,10.1,16.6,2.9,9.9,2.8,64.6,0,0,0,,0,0,32.4,18.9,170.2,1020.1,42.9,29.1,144.3,12.5,6,,2020-04-04T06:28:11,2020-04-04T19:39:35,0.38,Partially cloudy,Partly cloudy throughout the day.,partly-cloudy-day,"03769099999,03680099999,D5621,03672099999,03781099999,03772099999,03770099999"
London,2020-04-05,21.1,8.1,14.7,21.1,5.9,14,2.9,47.9,0,0,0,,0,0,47.2,27,147.5,1014.1,11.3,36.4,151.7,13.1,7,,2020-04-05T06:25:56,2020-04-05T19:41:16,0.41,Clear,Clear conditions throughout the day.,clear-day,"03769099999,03680099999,D5621,03672099999,03781099999,03772099999,03770099999"
London,2020-04-06,17.5,10.5,14.1,17.5,10.5,14.1,5.9,59.4,0.201,100,8.33,rain,0,0,38.9,21.6,238.6,1016.7,54.4,33.5,88,7.5,4,,2020-04-06T06:23:42,2020-04-06T19:42:56,0.44,"Rain, Partially cloudy",Partly cloudy throughout the day with rain in the morning and afternoon.,rain,"03769099999,03680099999,D5621,03672099999,03781099999,03772099999,03770099999"
London,2020-04-07,19.5,6.1,12.6,19.5,6.1,12.6,4.6,60.7,0,0,0,,0,0,33.1,14.3,109.2,1028.5,31.5,28.9,146.4,12.6,6,,2020-04-07T06:21:29,2020-04-07T19:44:37,0.48,Partially cloudy,Partly cloudy throughout the day.,partly-cloudy-day,"03769099999,03680099999,D5621,03660099999,03672099999,03781099999,03772099999,03770099999"
London,2020-04-08,20.1,10.6,15,20.1,10.6,15,7.1,60.1,0,0,0,,0,0,28.4,17.8,78.1,1024.7,67.2,12,133.8,11.5,6,,2020-04-08T06:19:15,2020-04-08T19:46:17,0.5,Partially cloudy,Partly cloudy throughout the day.,partly-cloudy-day,"03769099999,03680099999,D5621,03768399999,03672099999,03781099999,03761099999,EGLC,03658099999,03772099999,03770099999"
London,2020-04-09,21.7,9.6,15,21.7,9.1,15,7.1,61.4,0,0,0,,0,0,35.3,20.9,88.3,1024.6,37.5,12.3,146.8,12.7,6,,2020-04-09T06:17:03,2020-04-09T19:47:57,0.55,Partially cloudy,Clearing in the afternoon.,partly-cloudy-day,"03769099999,03680099999,D5621,03672099999,03781099999,03772099999,03770099999"
London,2020-04-10,22.1,9.2,14.8,22.1,8,14.6,7.6,64.3,0,0,0,,0,0,33.8,19.8,95.3,1024.6,58.4,16.6,150.1,12.9,6,,2020-04-10T06:14:50,2020-04-10T19:49:38,0.58,Partially cloudy,Partly cloudy throughout the day.,partly-cloudy-day,"03769099999,03680099999,D5621,03672099999,03781099999,03772099999,03770099999"
London,2020-04-11,25,9.2,16.7,25,8.6,16.6,7.5,59,0,0,0,,0,0,22.3,15.4,174,1022.1,53.5,21.1,136.8,11.8,6,,2020-04-11T06:12:39,2020-04-11T19:51:18,0.61,Partially cloudy,Partly cloudy throughout the day.,partly-cloudy-day,"03769099999,03680099999,D5621,03672099999,03781099999,03772099999,03770099999"
London,2020-04-12,24.5,10.5,17.1,24.5,10.5,17.1,7.1,54.6,0.005,100,4.17,rain,0,0,34.9,18,216.6,1014.8,59.8,20.8,127.1,10.8,7,,2020-04-12T06:10:28,2020-04-12T19:52:59,0.65,"Rain, Partially cloudy",Partly cloudy throughout the day with late afternoon rain.,rain,"03769099999,03680099999,D5621,03672099999,03781099999,03772099999,03770099999"
London,2020-04-13,13.6,6.5,9.6,13.6,3.3,7.9,1.3,57.1,0.003,100,4.17,rain,0,0,52.8,31,51.5,1024.7,58.2,26.7,126.5,10.8,7,,2020-04-13T06:08:17,2020-04-13T19:54:39,0.68,"Rain, Partially cloudy",Partly cloudy throughout the day with early morning rain.,rain,"03769099999,03680099999,D5621,03672099999,03781099999,03772099999,03770099999"
London,2020-04-14,12.6,5.1,8.3,12.6,2.4,6.8,-0.9,53,0,0,0,,0,0,32.8,16,75.4,1028.6,49.9,34.4,133.3,11.7,7,,2020-04-14T06:06:08,2020-04-14T19:56:19,0.75,Partially cloudy,Partly cloudy throughout the day.,partly-cloudy-day,"03769099999,03680099999,D5621,03672099999,03781099999,AR120,03772099999,03770099999"
London,2020-04-15,18.5,4,10.4,18.5,4,10.2,2.1,59.1,0,0,0,,0,0,31.7,14.5,100.1,1022.8,39.8,23.3,148.3,12.7,7,,2020-04-15T06:03:59,2020-04-15T19:58:00,0.75,Partially cloudy,Partly cloudy throughout the day.,partly-cloudy-day,"03769099999,03680099999,D5621,03672099999,03781099999,03772099999,03770099999"
London,2020-04-16,19.1,6.5,12.7,19.1,6.3,12.5,5.4,63.6,0,0,0,,0,0,29.5,14.2,82.1,1016.2,51.7,10.6,148.1,12.9,7,,2020-04-16T06:01:50,2020-04-16T19:59:40,0.78,Partially cloudy,Partly cloudy throughout the day.,partly-cloudy-day,"03769099999,03680099999,D5621,03672099999,03781099999,03772099999,03770099999"
London,2020-04-17,14.5,9.1,11.5,14.5,6.6,11.2,5.5,67.1,0.609,100,4.17,rain,0,0,48.6,24.2,72.9,1016.8,78.5,18.7,110.7,9.6,6,,2020-04-17T05:59:43,2020-04-17T20:01:20,0.81,"Rain, Partially cloudy",Partly cloudy throughout the day with late afternoon rain.,rain,"03769099999,03680099999,D5621,03672099999,03781099999,03772099999,03770099999"
London,2020-04-18,14.5,7.1,10.2,14.5,4.9,9.2,6.3,76.7,2.846,100,12.5,rain,0,0,34.9,17.5,51.2,1017.6,87.1,13.5,65.8,5.5,3,,2020-04-18T05:57:36,2020-04-18T20:03:00,0.85,"Rain, Partially cloudy",Partly cloudy throughout the day with a chance of rain throughout the day.,rain,"03769099999,03680099999,D5621,03672099999,03781099999,03772099999,03770099999"
London,2020-04-19,18.5,7.6,12,18.5,6,11.6,4.2,62.3,0,0,0,,0,0,44.3,22.1,51.4,1020,30.6,24.7,161.1,13.9,8,,2020-04-19T05:55:30,2020-04-19T20:04:40,0.88,Partially cloudy,Clearing in the afternoon.,partly-cloudy-day,"03769099999,03680099999,D5621,03672099999,03781099999,03772099999,03770099999"
London,2020-04-20,18,7.1,12.3,18,4.9,11.5,2.7,54.7,0,0,0,,0,0,54.2,30.2,59.5,1017.5,4,28,165.3,14.3,8,,2020-04-20T05:53:25,2020-04-20T20:06:21,0.91,Clear,Clear conditions throughout the day.,clear-day,"03769099999,03680099999,D5621,03672099999,03781099999,03772099999,03770099999"
London,2020-04-21,17.6,9.6,13.6,17.6,7.6,13.5,2.9,50,0,0,0,,0,0,54.7,28.8,61.6,1016.6,19.9,29.9,162.3,13.9,8,,2020-04-21T05:51:21,2020-04-21T20:08:01,0.95,Clear,Clear conditions throughout the day.,clear-day,"03769099999,03680099999,D5621,03672099999,03781099999,03772099999,03770099999"
London,2020-04-22,20.5,8.6,14.4,20.5,7.2,14.1,3.9,52.7,0.198,100,4.17,rain,0,0,45.7,22.7,56,1019.2,18.1,23.7,165.3,14.2,8,,2020-04-22T05:49:18,2020-04-22T20:09:41,0.98,Rain,Clear conditions throughout the day with afternoon rain.,rain,"03769099999,03680099999,D5621,03672099999,03781099999,03772099999,03770099999"
London,2020-04-23,23.1,8.1,15.1,23.1,6.7,14.8,5.5,56.1,0,0,0,,0,0,30.2,13.2,51.1,1019.4,33.1,20.3,160.7,13.8,8,,2020-04-23T05:47:16,2020-04-23T20:11:20,0,Partially cloudy,Partly cloudy throughout the day.,partly-cloudy-day,"03769099999,03680099999,D5621,03672099999,03781099999,03772099999,03770099999"
London,2020-04-24,21.6,9.1,14.8,21.6,9.1,14.8,5.2,54.7,0,0,0,,0,0,21.2,14.3,44.3,1016,50,21,151.5,13,7,,2020-04-24T05:45:15,2020-04-24T20:13:00,0.05,Partially cloudy,Clearing in the afternoon.,partly-cloudy-day,"03769099999,EGWU,03680099999,EGLL,D5621,03672099999,03781099999,EGLC,03772099999,03770099999"
London,2020-04-25,15.1,7.6,10.9,15.1,5.9,10.1,5.2,69,0,0,0,,0,0,28.8,15.8,86.7,1015.2,37.8,24.6,82.1,7.1,5,,2020-04-25T05:43:15,2020-04-25T20:14:40,0.08,Partially cloudy,Clearing in the afternoon.,partly-cloudy-day,"03769099999,03680099999,D5621,03672099999,03781099999,03772099999,03770099999"
London,2020-04-26,20.5,4.5,12.8,20.5,4.5,12.8,4.7,62,0,0,0,,0,0,19.1,12.1,204.8,1012.2,23.8,29,144.5,12.3,8,,2020-04-26T05:41:16,2020-04-26T20:16:19,0.12,Partially cloudy,Partly cloudy throughout the day.,partly-cloudy-day,"03769099999,03680099999,D5621,03672099999,03781099999,03772099999,03770099999"
London,2020-04-27,18,7.6,13.1,18,6.8,13,6.1,62.8,0,0,0,,0,0,37.1,17.1,322.8,1007.6,66.3,20.3,102,8.9,3,,2020-04-27T05:39:19,2020-04-27T20:17:58,0.15,Partially cloudy,Partly cloudy throughout the day.,partly-cloudy-day,"03769099999,03680099999,D5621,03672099999,03781099999,03772099999,03770099999"
London,2020-04-28,11.5,8,8.9,11.5,5.3,7.2,6.8,86.9,11.402,100,12.5,rain,0,0,36,18,70.8,1004.6,94.4,12.8,22.6,1.9,1,,2020-04-28T05:37:22,2020-04-28T20:19:37,0.19,"Rain, Overcast",Cloudy skies throughout the day with rain.,rain,"03769099999,03680099999,D5621,03672099999,03781099999,03772099999,03770099999"
London,2020-04-29,14,7.6,10.5,14,6.2,10.3,7,80.1,5.776,100,12.5,rain,0,0,46.8,22.5,200.9,1001.8,82.4,20.5,84,7.2,4,,2020-04-29T05:35:27,2020-04-29T20:21:16,0.22,"Rain, Partially cloudy",Partly cloudy throughout the day with rain.,rain,"03769099999,03680099999,D5621,03672099999,03781099999,F4685,03772099999,03770099999"
London,2020-04-30,13.6,6.5,9.7,13.6,4.4,8.2,6.5,81.5,8.99,100,12.5,rain,0,0,63,32.2,207.9,995.2,57.5,27.2,97.3,8.4,4,,2020-04-30T05:33:33,2020-04-30T20:22:54,0.25,"Rain, Partially cloudy",Partly cloudy throughout the day with rain.,rain,"03769099999,03680099999,D5621,03672099999,03781099999,AR120,03772099999,03770099999"
London,2020-05-01,15,8,11,15,5.6,10.1,5.8,71.4,0.207,100,12.5,rain,0,0,54.4,25,256.8,999.2,64.9,35.7,103.5,9,7,,2020-05-01T05:31:40,2020-05-01T20:24:32,0.29,"Rain, Partially cloudy",Partly cloudy throughout the day with rain.,rain,"03769099999,03680099999,D5621,03672099999,03781099999,D4121,03772099999,03770099999"
London,2020-05-02,17.6,7.1,12,17.6,4.7,11.1,4.3,61.5,0,0,0,,0,0,37.8,16.3,273.8,1010.2,43.7,46.2,152.5,13.1,8,,2020-05-02T05:29:49,2020-05-02T20:26:10,0.33,Partially cloudy,Partly cloudy throughout the day.,partly-cloudy-day,"03769099999,03680099999,D5621,03672099999,03781099999,03772099999,03770099999"
London,2020-05-03,15.1,9.1,12.4,15.1,9.1,12.4,5.8,65.6,0.001,100,4.17,rain,0,0,17.6,10.4,137.6,1015.9,95.2,36.9,84.2,7.3,3,,2020-05-03T05:27:59,2020-05-03T20:27:48,0.36,"Rain, Overcast",Cloudy skies throughout the day with afternoon rain.,rain,"03769099999,03680099999,D5621,03672099999,03781099999,03772099999,03770099999"
London,2020-05-04,17.1,9.6,13.2,17.1,6.9,13.1,6.4,64.6,0,0,0,,0,0,42.5,22.4,78.1,1019.2,66.7,31,119.8,10.3,7,,2020-05-04T05:26:11,2020-05-04T20:29:25,0.4,Partially cloudy,Partly cloudy throughout the day.,partly-cloudy-day,"03769099999,03680099999,D5621,03672099999,03781099999,03772099999,03770099999"
London,2020-05-05,15,8.6,11,15,6.2,10,3.4,61.1,0,0,0,,0,0,48.6,26.6,79.4,1021.1,33.7,36,129,11.2,8,,2020-05-05T05:24:24,2020-05-05T20:31:01,0.43,Partially cloudy,Partly cloudy throughout the day.,partly-cloudy-day,"03769099999,03680099999,D5621,03672099999,03781099999,03772099999,03770099999"
London,2020-05-06,17.5,6,11.8,17.5,4,11.1,3.9,61.4,0,0,0,,0,0,37.1,15.1,78.3,1025.2,12.3,27.7,149.3,13.2,8,,2020-05-06T05:22:39,2020-05-06T20:32:38,0.47,Clear,Clear conditions throughout the day.,clear-day,"03769099999,03680099999,D5621,03672099999,03781099999,03772099999,03770099999"
London,2020-05-07,22.6,7.5,15.1,22.6,7,15,6.7,61.5,0,0,0,,0,0,27.7,15.3,178.3,1022.8,42.9,25.8,153.5,13.3,8,,2020-05-07T05:20:55,2020-05-07T20:34:13,0.5,Partially cloudy,Partly cloudy throughout the day.,partly-cloudy-day,"03769099999,03680099999,D5621,03672099999,03781099999,03772099999,03770099999"
London,2020-05-08,24.1,10,17.4,24.1,10,17.4,7.1,52.6,0,0,0,,0,0,19.4,8.6,217,1017.9,52.8,30.6,115.8,9.9,6,,2020-05-08T05:19:13,2020-05-08T20:35:48,0.53,Partially cloudy,Partly cloudy throughout the day.,partly-cloudy-day,"03769099999,03680099999,D5621,03672099999,03781099999,03772099999,03770099999"
London,2020-05-09,24.1,11,17.7,24.1,11,17.7,7.1,53.7,0,0,0,,0,0,37.1,18.5,86.1,1012.7,42.4,18.5,161.5,14.1,8,,2020-05-09T05:17:33,2020-05-09T20:37:23,0.57,Partially cloudy,Partly cloudy throughout the day.,partly-cloudy-day,"03769099999,03680099999,D5621,03672099999,03781099999,03772099999,03770099999"
London,2020-05-10,18.1,8,13.2,18.1,4,12.3,6.3,63.2,0,0,0,,0,0,61.2,33.9,32.9,1010.5,68.9,21.7,119.7,10.5,7,,2020-05-10T05:15:54,2020-05-10T20:38:57,0.6,Partially cloudy,Partly cloudy throughout the day.,partly-cloudy-day,"03769099999,03680099999,D5621,03672099999,03781099999,F6665,03772099999,03770099999"
London,2020-05-11,12.1,5.6,8.8,12.1,1.7,6.4,-1.3,49.9,0,0,0,,0,0,63.3,35.1,37.1,1019.4,53.4,40.1,124.3,10.9,5,,2020-05-11T05:14:18,2020-05-11T20:40:30,0.63,Partially cloudy,Partly cloudy throughout the day.,partly-cloudy-day,"03769099999,03680099999,D5621,03672099999,03781099999,03772099999,03770099999"
London,2020-05-12,15.1,3.1,9.6,15.1,2.4,9.3,-0.1,53.3,0,0,0,,0,0,29.2,11.3,325.7,1020.9,37.1,39.9,176,15.3,9,,2020-05-12T05:12:43,2020-05-12T20:42:02,0.66,Partially cloudy,Partly cloudy throughout the day.,partly-cloudy-day,"03769099999,03680099999,D5621,03672099999,03781099999,03772099999,03770099999"
London,2020-05-13,12.6,7.1,9.9,12.6,4.4,8.9,0.7,54,0,0,0,,0,0,48.2,21.8,34.3,1017.4,70,39.1,103.8,9,3,,2020-05-13T05:11:10,2020-05-13T20:43:34,0.7,Partially cloudy,Partly cloudy throughout the day.,partly-cloudy-day,"03769099999,03680099999,D5621,03672099999,03781099999,AR120,03772099999,03770099999"
London,2020-05-14,13.5,4.1,9,13.5,1.5,7.8,0.6,57.9,0,0,0,,0,0,38.9,20.4,45,1022.6,21.8,42.3,140.3,12.2,6,,2020-05-14T05:09:39,2020-05-14T20:45:05,0.75,Partially cloudy,Partly cloudy throughout the day.,partly-cloudy-day,"03769099999,03680099999,D5621,03672099999,03781099999,03772099999,03770099999"
London,2020-05-15,18.5,4.1,12,18.5,4.1,12,2.5,55.1,0,0,0,,0,0,26.6,13.4,308,1023.9,18.3,36.4,186.3,16.1,9,,2020-05-15T05:08:10,2020-05-15T20:46:35,0.76,Clear,Clear conditions throughout the day.,clear-day,"03769099999,03680099999,D5621,03672099999,03781099999,AR120,03772099999,03770099999"
London,2020-05-16,18,9.1,13.2,18,9.1,13.1,3.3,52.3,0,0,0,,0,0,31.3,16.1,302.4,1024.4,75,40.9,121.4,10.5,7,,2020-05-16T05:06:43,2020-05-16T20:48:04,0.79,Partially cloudy,Partly cloudy throughout the day.,partly-cloudy-day,"03769099999,03680099999,D5621,03672099999,03781099999,F6665,03772099999,03770099999"
London,2020-05-17,20,8.1,14.4,20,7.1,14.2,5.6,57.9,0,0,0,,0,0,34.6,21.1,263.1,1023.8,58.6,40.5,119.9,10.2,6,,2020-05-17T05:05:18,2020-05-17T20:49:32,0.83,Partially cloudy,Partly cloudy throughout the day.,partly-cloudy-day,"03769099999,03680099999,D5621,03672099999,03781099999,AR120,03772099999,03770099999"
London,2020-05-18,23.6,10.6,16.9,23.6,10.6,16.9,6,52.1,0,0,0,,0,0,40.7,23.3,258.4,1023.6,65.4,42.2,180,15.5,8,,2020-05-18T05:03:55,2020-05-18T20:50:58,0.86,Partially cloudy,Partly cloudy throughout the day.,partly-cloudy-day,"03769099999,03680099999,D5621,03672099999,03781099999,03772099999,03770099999"
London,2020-05-19,25.6,12.5,18.9,25.6,12.5,18.9,10.1,58.4,0,0,0,,0,0,29.2,16.9,267.2,1023.1,45.2,43,177.8,15.5,8,,2020-05-19T05:02:34,2020-05-19T20:52:24,0.89,Partially cloudy,Clearing in the afternoon.,partly-cloudy-day,"03769099999,03680099999,D5621,03672099999,03781099999,F6665,03772099999,03770099999"
London,2020-05-20,27.1,13.1,20.6,26.7,13.1,20.6,9.9,53.6,0,0,0,,0,0,32,17.1,202.3,1021.3,36.5,41.4,174.6,15.1,8,,2020-05-20T05:01:16,2020-05-20T20:53:48,0.93,Partially cloudy,Partly cloudy throughout the day.,partly-cloudy-day,"03769099999,03680099999,D5621,03672099999,03781099999,F6665,03772099999,03770099999"
London,2020-05-21,27.5,14.5,21.3,26.7,14.5,21.2,9.7,50.9,0,0,0,,0,0,27.4,13.1,238.5,1018.9,58.9,41.5,181.8,15.5,9,,2020-05-21T05:00:00,2020-05-21T20:55:12,0.96,Partially cloudy,Partly cloudy throughout the day.,partly-cloudy-day,"03769099999,03680099999,D5621,03672099999,03781099999,03772099999,03770099999"
London,2020-05-22,22,14.5,19,22,14.5,19,7.6,49.4,0,0,0,,0,0,55.4,32.3,229.7,1015.1,63,31.5,139.4,11.8,8,,2020-05-22T04:58:46,2020-05-22T20:56:33,0,Partially cloudy,Clearing in the afternoon.,partly-cloudy-day,"03769099999,03680099999,D5621,03672099999,03781099999,03772099999,03770099999"
London,2020-05-23,19,11.6,14.8,19,11.6,14.8,5.6,56,0.997,100,8.33,rain,0,0,70.4,37.5,253.3,1022.2,48.1,27.7,124.4,10.8,5,,2020-05-23T04:57:35,2020-05-23T20:57:54,0.03,"Rain, Partially cloudy",Partly cloudy throughout the day with rain.,rain,"03769099999,03680099999,D5621,03672099999,03781099999,F6665,03772099999,03770099999"
London,2020-05-24,22.6,11.1,16.3,22.6,11.1,16.3,7.8,59,0,0,0,,0,0,54,25.6,274.1,1030.1,53,29.7,122.2,10.7,7,,2020-05-24T04:56:26,2020-05-24T20:59:13,0.06,Partially cloudy,Partly cloudy throughout the day.,partly-cloudy-day,"03769099999,03680099999,D5621,03672099999,03781099999,03772099999,03770099999"
London,2020-05-25,25.1,11.1,18.7,25.1,11.1,18.7,8.2,53.8,0,0,0,,0,0,24.1,13.6,252.9,1034.3,34.2,33.6,192.2,16.6,9,,2020-05-25T04:55:19,2020-05-25T21:00:30,0.1,Partially cloudy,Partly cloudy throughout the day.,partly-cloudy-day,"03769099999,03680099999,D5621,03672099999,03781099999,03772099999,03770099999"
London,2020-05-26,26.1,12,19.9,26.1,12,19.9,8.5,51.5,0,0,0,,0,0,24.1,11.9,306.3,1035.3,49.4,38,169.6,14.5,7,,2020-05-26T04:54:16,2020-05-26T21:01:46,0.13,Partially cloudy,Partly cloudy throughout the day.,partly-cloudy-day,"03769099999,03680099999,D5621,03672099999,03781099999,03772099999,03770099999"
London,2020-05-27,24.5,14,19.2,24.5,14,19.2,9.6,54.8,0,0,0,,0,0,24.5,15.9,43.4,1035.2,63.8,37.3,161.3,13.9,7,,2020-05-27T04:53:14,2020-05-27T21:03:00,0.17,Partially cloudy,Partly cloudy throughout the day.,partly-cloudy-day,"03769099999,03680099999,D5621,03672099999,03781099999,03772099999,03770099999"
London,2020-05-28,20.6,12,16.5,20.6,12,16.5,5.9,52.7,0,0,0,,0,0,39.1,20.2,83.6,1033.9,34.5,37.8,194.8,16.7,8,,2020-05-28T04:52:16,2020-05-28T21:04:13,0.2,Partially cloudy,Partly cloudy throughout the day.,partly-cloudy-day,"03769099999,03680099999,D5621,03672099999,03781099999,03772099999,03770099999"
London,2020-05-29,22.6,11.6,17,22.6,11.6,17,5.5,50.3,0,0,0,,0,0,36.4,18.4,82.7,1027.8,7.2,35.9,195,17,9,,2020-05-29T04:51:20,2020-05-29T21:05:23,0.24,Clear,Clear conditions throughout the day.,clear-day,"03769099999,03680099999,D5621,03672099999,03781099999,03772099999,03770099999"
London,2020-05-30,24.1,10.5,17.6,24.1,10.5,17.6,6.7,53.4,0,0,0,,0,0,42.5,23.1,75,1023.2,25.9,30.9,199.8,17.3,9,,2020-05-30T04:50:26,2020-05-30T21:06:32,0.25,Partially cloudy,Clearing in the afternoon.,partly-cloudy-day,"03769099999,03680099999,D5621,03672099999,03781099999,03772099999,03770099999"
London,2020-05-31,23.6,13,18.3,23.6,13,18.3,6.4,47.6,0,0,0,,0,0,48.2,25.3,77.5,1022.4,4.8,37.7,194.2,16.8,9,,2020-05-31T04:49:36,2020-05-31T21:07:38,0.31,Clear,Clear conditions throughout the day.,clear-day,"03769099999,03680099999,D5621,03672099999,03781099999,03772099999,03770099999"
London,2020-06-01,25.5,12.5,18.8,25.5,12.5,18.8,8.2,52.8,0,0,0,,0,0,39.6,19,59.4,1022.4,10.4,41.2,193.2,16.7,8,,2020-06-01T04:48:48,2020-06-01T21:08:43,0.35,Clear,Clear conditions throughout the day.,clear-day,"03769099999,03680099999,D5621,03672099999,03781099999,03772099999,03770099999"
London,2020-06-02,24.6,13.1,19.1,24.6,13.1,19.1,6.9,48.1,0,0,0,,0,0,27,13.1,355.2,1018.9,37.3,38.3,188.8,16.4,8,,2020-06-02T04:48:03,2020-06-02T21:09:46,0.38,Partially cloudy,Partly cloudy throughout the day.,partly-cloudy-day,"03769099999,03680099999,D5621,03672099999,03781099999,03772099999,03770099999"
London,2020-06-03,19.1,14,16.6,19.1,14,16.6,9.4,62.8,0.001,100,4.17,rain,0,0,46.4,21.2,19.5,1008.8,91.5,33.6,72.5,6.1,3,,2020-06-03T04:47:21,2020-06-03T21:10:46,0.42,"Rain, Overcast",Cloudy skies throughout the day with late afternoon rain.,rain,"03769099999,03680099999,D5621,03672099999,03781099999,03772099999,03770099999"
London,2020-06-04,16.5,11,13.2,16.5,11,13.2,6.6,65.6,0.001,100,4.17,rain,0,0,44.6,19.4,335.6,1003.6,86.5,33.9,100.2,8.7,6,,2020-06-04T04:46:42,2020-06-04T21:11:44,0.45,"Rain, Partially cloudy",Partly cloudy throughout the day with morning rain.,rain,"03769099999,EGWU,03680099999,EGLL,D5621,03672099999,03781099999,EGLC,03772099999,03770099999"
London,2020-06-05,17,10.5,12.9,17,10.5,12.9,5.4,62,1.808,100,12.5,rain,0,0,59.3,28.9,289.8,997,77.7,40.3,85.8,7.3,3,,2020-06-05T04:46:05,2020-06-05T21:12:40,0.5,"Rain, Partially cloudy",Partly cloudy throughout the day with rain.,rain,"03769099999,03680099999,D5621,03672099999,03781099999,D4121,F6665,03772099999,03770099999"
London,2020-06-06,13.5,8.1,10.6,13.5,4.9,9.7,5.6,72.2,7.981,100,8.33,rain,0,0,55.4,33.6,257.2,999.2,57.6,35.6,99.3,8.5,4,,2020-06-06T04:45:32,2020-06-06T21:13:34,0.52,"Rain, Partially cloudy",Partly cloudy throughout the day with rain.,rain,"03769099999,03680099999,D5621,03672099999,03781099999,03772099999,03770099999"
London,2020-06-07,18.1,7.6,12.7,18.1,6.2,12.2,8.4,76.9,0.222,100,12.5,rain,0,0,36.4,15.8,319.8,1008.8,66,34,135.9,11.7,7,,2020-06-07T04:45:02,2020-06-07T21:14:25,0.55,"Rain, Partially cloudy",Partly cloudy throughout the day with rain.,rain,"03769099999,03680099999,D5621,03672099999,03781099999,03772099999,03770099999"
London,2020-06-08,15.6,10.6,13,15.6,10.6,13,6.6,65.4,0,0,0,,0,0,36.4,17.5,24.1,1018.5,85.9,35.9,88.2,7.7,2,,2020-06-08T04:44:34,2020-06-08T21:15:13,0.59,Partially cloudy,Partly cloudy throughout the day.,partly-cloudy-day,"03769099999,03680099999,D5621,03672099999,03781099999,F4685,03772099999,03770099999"
London,2020-06-09,19,9.2,14.5,19,9.2,14.5,5.5,55.9,0,0,0,,0,0,19.8,13.8,106.7,1020.1,84.9,35.2,159,13.8,7,,2020-06-09T04:44:10,2020-06-09T21:15:59,0.62,Partially cloudy,Partly cloudy throughout the day.,partly-cloudy-day,"03769099999,03680099999,D5621,03672099999,03781099999,03772099999,03770099999"
London,2020-06-10,15.1,11.5,13.4,15.1,11.5,13.4,9.9,79.3,0.218,100,8.33,rain,0,0,28.8,16.2,180.2,1015.4,91.4,19.2,48.8,4.2,2,,2020-06-10T04:43:49,2020-06-10T21:16:43,0.65,"Rain, Overcast",Cloudy skies throughout the day with rain.,rain,"03769099999,03680099999,D5621,03672099999,03781099999,03772099999,03770099999"
London,2020-06-11,19.5,11.6,14.8,19.5,11.6,14.8,10.9,77.6,0.608,100,8.33,rain,0,0,55.8,25.2,62.1,1011.5,87.3,21.9,73.5,6.2,3,,2020-06-11T04:43:30,2020-06-11T21:17:23,0.68,"Rain, Partially cloudy",Partly cloudy throughout the day with rain.,rain,"03769099999,03680099999,D5621,03672099999,03781099999,03772099999,03770099999"
London,2020-06-12,20.1,14.1,16.7,20.1,14.1,16.7,12.9,78.3,0.211,100,4.17,rain,0,0,53.6,24.7,74.3,1005.6,74.5,15.5,96.6,8.2,4,,2020-06-12T04:43:15,2020-06-12T21:18:01,0.72,"Rain, Partially cloudy",Partly cloudy throughout the day with late afternoon rain.,rain,"03769099999,03680099999,D5621,03672099999,03781099999,03772099999,03770099999"
London,2020-06-13,23.5,13.6,18.5,23.5,13.6,18.5,11.6,67.3,0.006,100,4.17,rain,0,0,50,23.8,129.2,1008.2,48,34.7,197.5,17,8,,2020-06-13T04:43:03,2020-06-13T21:18:37,0.75,"Rain, Partially cloudy",Partly cloudy throughout the day with early morning rain.,rain,"03769099999,03680099999,D5621,03672099999,03781099999,03772099999,03770099999"
London,2020-06-14,22.1,13.6,18.3,22.1,13.6,18.3,11.9,67.9,1.011,100,4.17,rain,0,0,35.6,17.5,179.1,1013.8,54.8,36.4,165.7,14.4,7,,2020-06-14T04:42:54,2020-06-14T21:19:09,0.78,"Rain, Partially cloudy",Partly cloudy throughout the day with early morning rain.,rain,"03769099999,03680099999,D5621,03672099999,03781099999,F6665,03772099999,03770099999"
London,2020-06-15,23.5,12.1,18.1,23.5,12.1,18.1,11.4,66.9,0.014,100,4.17,rain,0,0,20.5,13.2,221.4,1016.1,48.6,33.1,174,15,8,,2020-06-15T04:42:48,2020-06-15T21:19:39,0.81,"Rain, Partially cloudy",Becoming cloudy in the afternoon with late afternoon rain.,rain,"03769099999,03680099999,D5621,03660099999,03672099999,03781099999,03772099999,03770099999"
London,2020-06-16,22.6,14,18.5,22.6,14,18.5,11.7,66.3,0.007,100,12.5,rain,0,0,33.5,13.8,192.6,1014.2,59.9,31.9,148.8,12.9,7,,2020-06-16T04:42:45,2020-06-16T21:20:05,0.84,"Rain, Partially cloudy",Partly cloudy throughout the day with rain.,rain,"03769099999,03680099999,D5621,03660099999,03672099999,03781099999,F4685,03772099999,03770099999"
London,2020-06-17,21.2,13.5,17.1,21.2,13.5,17.1,13,77.7,16.88,100,8.33,rain,0,0,23,16.1,103.9,1012.4,74.2,29.2,116.7,10.2,5,,2020-06-17T04:42:45,2020-06-17T21:20:29,0.88,"Rain, Partially cloudy",Partly cloudy throughout the day with rain.,rain,"03769099999,03680099999,D5621,03672099999,03781099999,03772099999,03770099999"
London,2020-06-18,19.6,14.1,16.1,19.6,14.1,16.1,13.1,83.3,17.206,100,12.5,rain,0,0,33.5,18,211.4,1010.3,77.3,18.9,68.3,5.9,4,,2020-06-18T04:42:48,2020-06-18T21:20:50,0.91,"Rain, Partially cloudy",Partly cloudy throughout the day with a chance of rain throughout the day.,rain,"03769099999,03680099999,D5621,03672099999,03781099999,D4121,03772099999,03770099999"
London,2020-06-19,19.1,14,16.1,19.1,14,16.1,11.6,74.7,0.411,100,8.33,rain,0,0,45.7,26.5,211.2,1014.1,79.4,28.1,88.4,7.9,3,,2020-06-19T04:42:55,2020-06-19T21:21:08,0.94,"Rain, Partially cloudy",Partly cloudy throughout the day with rain in the morning and afternoon.,rain,"03769099999,03680099999,D5621,03672099999,03781099999,03772099999,03770099999"
London,2020-06-20,21.6,13,17.1,21.6,13,17.1,11.3,69.7,0,0,0,,0,0,42.1,21.2,203,1019.4,64,33.4,112.8,9.6,5,,2020-06-20T04:43:04,2020-06-20T21:21:22,0.97,Partially cloudy,Partly cloudy throughout the day.,partly-cloudy-day,"03769099999,03680099999,D5621,03672099999,03781099999,F6665,03772099999,03770099999"
London,2020-06-21,22.5,15,18.1,22.5,15,18.1,11,64.6,0.806,100,8.33,rain,0,0,55.4,25.8,231.8,1016.9,64.2,32.3,120.3,10.4,6,,2020-06-21T04:43:16,2020-06-21T21:21:34,0,"Rain, Partially cloudy",Partly cloudy throughout the day with rain in the morning and afternoon.,rain,"03769099999,03680099999,D5621,03672099999,03781099999,F6665,03772099999,03770099999"
London,2020-06-22,22.6,11.1,17.5,22.6,11.1,17.5,9.2,60.2,0,0,0,,0,0,40,19.1,226.4,1024.6,20.3,26,199,17.2,8,,2020-06-22T04:43:31,2020-06-22T21:21:43,0.04,Partially cloudy,Partly cloudy throughout the day.,partly-cloudy-day,"03769099999,03680099999,D5621,03672099999,03781099999,F4685,03772099999,03770099999"
London,2020-06-23,27.6,13.1,20.9,27.4,13.1,20.9,11.7,58.1,0,0,0,,0,0,28.4,14,173.6,1023.6,15.2,28.6,201.9,17.4,8,,2020-06-23T04:43:50,2020-06-23T21:21:48,0.08,Clear,Clear conditions throughout the day.,clear-day,"03769099999,03680099999,D5621,03672099999,03781099999,F6665,03772099999,03770099999"
London,2020-06-24,29.9,16.7,23.6,29,16.7,23.4,13.3,54.5,0,0,0,,0,0,36.7,21.8,93.2,1020.1,16.9,29,190.1,16.3,8,,2020-06-24T04:44:11,2020-06-24T21:21:51,0.11,Clear,Clear conditions throughout the day.,clear-day,"03769099999,03680099999,D5621,03660099999,03672099999,03781099999,F6665,03772099999,03770099999"
London,2020-06-25,30.7,18.2,24.6,30.5,18.2,24.4,14,54.2,0,0,0,,0,0,32.8,21.3,94,1015.3,6.4,33.2,198.6,17.1,9,,2020-06-25T04:44:35,2020-06-25T21:21:50,0.15,Clear,Clear conditions throughout the day.,clear-day,"03769099999,03680099999,D5621,03672099999,03781099999,F6665,03772099999,03770099999"
London,2020-06-26,29.5,17.5,23.3,29.6,17.5,23.4,15.2,62.4,0.596,100,4.17,rain,0,0,45,24.6,201.1,1009,49.6,31.3,182.2,15.9,8,,2020-06-26T04:45:02,2020-06-26T21:21:46,0.19,"Rain, Partially cloudy",Clearing in the afternoon with morning rain.,rain,"03769099999,03680099999,D5621,03672099999,03781099999,D4121,F4685,03772099999,03770099999"
London,2020-06-27,20.5,16,17.6,20.5,16,17.6,13,74.9,2.609,100,8.33,rain,0,0,54,33,208.2,1005.3,78.2,24.5,90.5,8,4,,2020-06-27T04:45:31,2020-06-27T21:21:39,0.22,"Rain, Partially cloudy",Partly cloudy throughout the day with rain in the morning and afternoon.,rain,"03769099999,03680099999,D5621,03672099999,03781099999,F6665,03772099999,03770099999"
London,2020-06-28,20,12.6,16.1,20,12.6,16.1,9.8,67.3,0.807,100,12.5,rain,0,0,56.6,32,237.6,1009.3,57.2,33.1,149.5,12.7,8,,2020-06-28T04:46:04,2020-06-28T21:21:29,0.25,"Rain, Partially cloudy",Partly cloudy throughout the day with rain.,rain,"03769099999,03680099999,D5621,03672099999,03781099999,03772099999,03770099999"
London,2020-06-29,19.6,12.6,15.6,19.6,12.6,15.6,8,61.3,2.98,100,4.17,rain,0,0,61.6,34.9,244,1009.9,75.5,31.9,131.5,11.2,6,,2020-06-29T04:46:39,2020-06-29T21:21:16,0.29,"Rain, Partially cloudy",Partly cloudy throughout the day with early morning rain.,rain,"03769099999,03680099999,D5621,03672099999,03781099999,D4121,03772099999,03770099999"
London,2020-06-30,18.6,13.1,16,18.6,13.1,16,11.8,76.3,0.804,100,8.33,rain,0,0,41.4,22,231.6,1007.4,87.3,28.4,77.1,6.8,3,,2020-06-30T04:47:17,2020-06-30T21:21:00,0.33,"Rain, Partially cloudy",Partly cloudy throughout the day with rain.,rain,"03769099999,03680099999,D5621,03672099999,03781099999,03772099999,03770099999"
London,2020-07-01,20.1,14.5,17.5,20.1,14.5,17.5,12.9,74.8,4.969,100,8.33,rain,0,0,46.4,25.7,241.1,1005.6,77.2,35.1,124,10.7,6,,2020-07-01T04:47:58,2020-07-01T21:20:40,0.37,"Rain, Partially cloudy",Partly cloudy throughout the day with rain.,rain,"03769099999,03680099999,D5621,03672099999,03781099999,03772099999,03770099999"
London,2020-07-02,20,12.6,16,20,12.6,16,12.3,79.3,0.23,100,12.5,rain,0,0,43.2,20.9,257.9,1011.1,60.6,37.8,86.4,7.5,3,,2020-07-02T04:48:41,2020-07-02T21:20:18,0.4,"Rain, Partially cloudy",Partly cloudy throughout the day with rain.,rain,"03769099999,03680099999,D5621,03672099999,03781099999,03772099999,03770099999"
London,2020-07-03,20.1,12.6,16.2,20.1,12.6,16.2,11.5,75.2,4.962,100,4.17,rain,0,0,52.9,31.6,236.6,1015.8,76.4,31.2,194.3,16.7,8,,2020-07-03T04:49:26,2020-07-03T21:19:52,0.44,"Rain, Partially cloudy",Partly cloudy throughout the day with early morning rain.,rain,"03769099999,03680099999,D5621,03672099999,03781099999,03772099999,03770099999"
London,2020-07-04,20.1,15.5,17.7,20.1,15.5,17.7,14.9,83.9,1.002,100,4.17,rain,0,0,56.2,28.7,226.7,1011.1,96.5,23.8,59.8,5.2,2,,2020-07-04T04:50:14,2020-07-04T21:19:24,0.47,"Rain, Overcast",Cloudy skies throughout the day with early morning rain.,rain,"03769099999,03680099999,D5621,03672099999,03781099999,F6665,03772099999,03770099999"
London,2020-07-05,21.5,14.6,18.4,21.5,14.6,18.4,10.5,62.3,0,0,0,,0,0,63.9,37.8,252.9,1010.8,62.2,31.8,195.3,16.7,9,,2020-07-05T04:51:05,2020-07-05T21:18:52,0.5,Partially cloudy,Partly cloudy throughout the day.,partly-cloudy-day,"03769099999,03680099999,D5621,03672099999,03781099999,F4685,03772099999,03770099999"
London,2020-07-06,19.6,12.1,16,19.6,12.1,16,7.9,59.7,0,0,0,,0,0,49.8,28.4,279.8,1018.9,52.5,30.9,90.3,7.8,3,,2020-07-06T04:51:58,2020-07-06T21:18:18,0.54,Partially cloudy,Partly cloudy throughout the day.,partly-cloudy-day,"03769099999,03680099999,D5621,03672099999,03781099999,F4685,03772099999,03770099999"
London,2020-07-07,20.1,11.1,15.9,20.1,11.1,15.9,8.8,63.9,0,0,0,,0,0,40,23.1,256.5,1020.3,75.9,30.7,101.6,8.7,5,,2020-07-07T04:52:53,2020-07-07T21:17:40,0.57,Partially cloudy,Partly cloudy throughout the day.,partly-cloudy-day,"03769099999,03680099999,D5621,03660099999,03672099999,03781099999,F6665,03772099999,03770099999"
London,2020-07-08,19.5,14.1,16.7,19.5,14.1,16.7,15.1,90.2,10.169,100,12.5,rain,0,0,34.9,15.8,245.8,1014.8,86.8,17.1,59,5.1,2,,2020-07-08T04:53:50,2020-07-08T21:17:00,0.6,"Rain, Partially cloudy",Partly cloudy throughout the day with a chance of rain throughout the day.,rain,"03769099999,03680099999,D5621,03672099999,03781099999,03772099999,03770099999"
London,2020-07-09,19.6,15.6,17.6,19.6,15.6,17.6,15.3,86.4,1.227,100,12.5,rain,0,0,45.7,21.5,235.9,1011.8,87.2,23.9,59.1,5.1,2,,2020-07-09T04:54:49,2020-07-09T21:16:16,0.64,"Rain, Partially cloudy",Partly cloudy throughout the day with rain.,rain,"03769099999,03680099999,D5621,03672099999,03781099999,03772099999,03770099999"
London,2020-07-10,18.6,13,15.8,18.6,13,15.8,9.3,67.4,2.195,100,8.33,rain,0,0,42.5,19.5,320.8,1017.4,71.2,39.8,141.3,12.3,8,,2020-07-10T04:55:51,2020-07-10T21:15:30,0.67,"Rain, Partially cloudy",Partly cloudy throughout the day with rain.,rain,"03769099999,03680099999,D5621,03672099999,03781099999,F4685,03772099999,03770099999"
London,2020-07-11,20.1,10,15.8,20.1,10,15.8,7.3,58.8,0,0,0,,0,0,33.5,17.5,322,1026.2,35.5,45.9,139.5,12.1,6,,2020-07-11T04:56:54,2020-07-11T21:14:41,0.7,Partially cloudy,Becoming cloudy in the afternoon.,partly-cloudy-day,"03769099999,03680099999,D5621,03672099999,03781099999,F4685,03772099999,03770099999"
London,2020-07-12,24.1,10.6,17.8,24.1,10.6,17.8,8,56.7,0,0,0,,0,0,16.9,15.5,186.4,1027.8,42.6,39.4,183.5,15.9,9,,2020-07-12T04:57:59,2020-07-12T21:13:49,0.73,Partially cloudy,Partly cloudy throughout the day.,partly-cloudy-day,"03769099999,03680099999,D5621,03672099999,03781099999,F4685,03772099999,03770099999"
London,2020-07-13,24.6,13.6,19.4,24.6,13.6,19.4,8.9,52.7,0,0,0,,0,0,37.8,23.7,261.1,1023.2,66.4,39.7,176.9,15.4,8,,2020-07-13T04:59:07,2020-07-13T21:12:54,0.75,Partially cloudy,Partly cloudy throughout the day.,partly-cloudy-day,"03769099999,03680099999,D5621,03672099999,03781099999,03772099999,03770099999"
London,2020-07-14,20.6,15.6,18.2,20.6,15.6,18.2,12.2,69.7,1.001,100,8.33,rain,0,0,28.1,15.4,319,1016.4,83.7,34.4,115.6,10,5,,2020-07-14T05:00:16,2020-07-14T21:11:57,0.8,"Rain, Partially cloudy",Partly cloudy throughout the day with rain clearing later.,rain,"03769099999,03680099999,D5621,03672099999,03781099999,03772099999,03770099999"
London,2020-07-15,18.6,13.6,16.7,18.6,13.6,16.7,10.6,67.1,0,0,0,,0,0,28.1,15.9,287.8,1016.1,90.2,44.1,84.2,7.4,4,,2020-07-15T05:01:26,2020-07-15T21:10:57,0.83,Overcast,Cloudy skies throughout the day.,cloudy,"03769099999,03680099999,D5621,03672099999,03781099999,03772099999,03770099999"
London,2020-07-16,22.6,16.1,18.9,22.6,16.1,18.9,13,68.6,0,0,0,,0,0,34.9,17.3,316.6,1019.7,86.1,45.5,71.9,6,2,,2020-07-16T05:02:39,2020-07-16T21:09:54,0.86,Partially cloudy,Partly cloudy throughout the day.,partly-cloudy-day,"03769099999,03680099999,D5621,03660099999,03672099999,03781099999,03772099999,03770099999"
London,2020-07-17,27.1,17.6,22.1,26.9,17.6,22.1,13.4,60.2,0,0,0,,0,0,28.1,20.2,275.2,1020.6,53,41.3,149.4,12.9,8,,2020-07-17T05:03:53,2020-07-17T21:08:49,0.89,Partially cloudy,Partly cloudy throughout the day.,partly-cloudy-day,"03769099999,03680099999,D5621,03672099999,03781099999,03772099999,03770099999"
London,2020-07-18,25,15.6,20,25,15.6,20,12.1,62.1,0,0,0,,0,0,36,20.8,263.6,1018.3,60.8,41.4,148.9,12.7,8,,2020-07-18T05:05:08,2020-07-18T21:07:41,0.93,Partially cloudy,Partly cloudy throughout the day.,partly-cloudy-day,"03769099999,03680099999,D5621,03672099999,03781099999,F6665,03772099999,03770099999"
London,2020-07-19,20,15,17.6,20,15,17.6,11.7,69.6,0.404,100,8.33,rain,0,0,25.6,13.4,1.3,1017.8,81.7,37.4,64.9,5.4,2,,2020-07-19T05:06:25,2020-07-19T21:06:31,0.96,"Rain, Partially cloudy",Partly cloudy throughout the day with rain in the morning and afternoon.,rain,"03769099999,03680099999,D5621,03672099999,03781099999,03772099999,03770099999"
London,2020-07-20,23,12.5,17.5,23,12.5,17.5,6.8,51.5,0,0,0,,0,0,28.1,14.3,350.9,1022.8,24.7,40.6,171.3,14.8,8,,2020-07-20T05:07:43,2020-07-20T21:05:18,0,Partially cloudy,Partly cloudy throughout the day.,partly-cloudy-day,"03769099999,03680099999,D5621,03672099999,03781099999,03772099999,03770099999"
London,2020-07-21,22.6,13.1,17.5,22.6,13.1,17.5,6.2,48.8,0,0,0,,0,0,25.2,12.5,3.8,1025.9,23.7,40.4,160.8,13.8,7,,2020-07-21T05:09:03,2020-07-21T21:04:03,0.03,Partially cloudy,Partly cloudy throughout the day.,partly-cloudy-day,"03769099999,03680099999,D5621,03672099999,03781099999,03772099999,03770099999"
London,2020-07-22,25.1,15.5,19.9,25.1,15.5,19.9,8.8,49.9,0,0,0,,0,0,30.2,19.2,220.9,1023.5,57,39.1,167.8,14.3,7,,2020-07-22T05:10:24,2020-07-22T21:02:45,0.06,Partially cloudy,Partly cloudy throughout the day.,partly-cloudy-day,"03769099999,03680099999,D5621,03660099999,03672099999,03781099999,03772099999,03770099999"
London,2020-07-23,25.1,14.1,19.5,25.1,14.1,19.5,9.9,55.5,0,0,0,,0,0,44.3,23.2,233.6,1016.4,65.2,42,141.5,12.3,6,,2020-07-23T05:11:46,2020-07-23T21:01:26,0.1,Partially cloudy,Partly cloudy throughout the day.,partly-cloudy-day,"03769099999,03680099999,D5621,03660099999,03672099999,03781099999,03772099999,03770099999"
London,2020-07-24,24.1,17,20.2,24.1,17,20.2,13.6,66.5,0,0,0,,0,0,33.5,20,242.9,1012.4,76,38.8,100.3,8.6,4,,2020-07-24T05:13:09,2020-07-24T21:00:04,0.13,Partially cloudy,Partly cloudy throughout the day.,partly-cloudy-day,"03769099999,03680099999,D5621,03660099999,03672099999,03781099999,03772099999,03770099999"
London,2020-07-25,21.1,15.5,18.2,21.1,15.5,18.2,15.4,83.5,3.036,100,8.33,rain,0,0,49.7,27.6,218.6,1007.8,84.1,27.9,67.9,5.9,2,,2020-07-25T05:14:33,2020-07-25T20:58:40,0.17,"Rain, Partially cloudy",Partly cloudy throughout the day with rain.,rain,"03769099999,03680099999,D5621,03660099999,03672099999,03781099999,03772099999,03770099999"
London,2020-07-26,22,13,17.1,22,13,17.1,13.1,78.8,6.779,100,8.33,rain,0,0,48.2,22.8,243.1,1010.4,62.6,32.7,122,10.6,8,,2020-07-26T05:15:58,2020-07-26T20:57:13,0.21,"Rain, Partially cloudy",Partly cloudy throughout the day with rain.,rain,"03680099999,D5621,03660099999,03672099999,03781099999,03772099999,03770099999"
London,2020-07-27,20.6,16.1,18,20.6,16.1,18,14.7,81.3,1.206,100,12.5,rain,0,0,64.4,30.8,206.9,1007.8,85.6,22.3,66.1,5.6,3,,2020-07-27T05:17:24,2020-07-27T20:55:45,0.25,"Rain, Partially cloudy",Partly cloudy throughout the day with a chance of rain throughout the day.,rain,"EGWU,03680099999,EGLL,D5621,03660099999,03672099999,03781099999,EGLC,03772099999,03770099999"
London,2020-07-28,21.1,13.1,17,21.1,13.1,17,9.1,61.7,0.598,100,4.17,rain,0,0,47.5,24.1,281.3,1013.8,57.1,42.4,123.6,10.5,6,,2020-07-28T05:18:51,2020-07-28T20:54:14,0.28,"Rain, Partially cloudy",Partly cloudy throughout the day with early morning rain.,rain,"03680099999,D5621,03660099999,03672099999,03781099999,03772099999,03770099999"
London,2020-07-29,23,10.1,17.5,23,10.1,17.5,8.8,58.4,0,0,0,,0,0,30.2,16,260.4,1020,58.8,44.1,176,15,9,,2020-07-29T05:20:19,2020-07-29T20:52:42,0.31,Partially cloudy,Partly cloudy throughout the day.,partly-cloudy-day,"03680099999,D5621,03660099999,03672099999,03781099999,03772099999,03770099999"
London,2020-07-30,29,13,21.5,27.8,13,21.2,9,49.1,0,0,0,,0,0,27.4,13.3,185,1018.2,25,43.8,164.8,14.2,8,,2020-07-30T05:21:48,2020-07-30T20:51:08,0.35,Partially cloudy,Partly cloudy throughout the day.,partly-cloudy-day,"03680099999,D5621,03660099999,03672099999,03781099999,03768099999,03684099999,03761099999,03772099999,03770099999"
London,2020-07-31,36.1,17.1,25.6,35.6,17.1,25.3,13.6,51.3,0,0,0,,0,0,52.8,28.9,163.5,1011.8,22.6,35.8,169.6,14.7,8,,2020-07-31T05:23:17,2020-07-31T20:49:31,0.38,Partially cloudy,Partly cloudy throughout the day.,partly-cloudy-day,"03680099999,D5621,03660099999,03672099999,03781099999,F4685,03772099999,03770099999"
London,2020-08-01,26.1,17,21.5,26.1,17,21.5,13.4,61.5,0,0,0,,0,0,34.2,22.4,262.1,1014.8,53.2,37.7,130.7,11.3,7,,2020-08-01T05:24:47,2020-08-01T20:47:53,0.42,Partially cloudy,Becoming cloudy in the afternoon.,partly-cloudy-day,"03680099999,D5621,03660099999,03672099999,03781099999,03772099999,03770099999"
London,2020-08-02,23.6,13.6,18.8,23.6,13.6,18.8,10.3,59.3,0,0,0,,0,0,34.9,21.6,269.7,1016.4,51,43.3,146.5,12.7,7,,2020-08-02T05:26:17,2020-08-02T20:46:13,0.46,Partially cloudy,Partly cloudy throughout the day.,partly-cloudy-day,"03680099999,D5621,03660099999,03672099999,03781099999,03772099999,03770099999"
London,2020-08-03,23.5,15.5,18.9,23.5,15.5,18.9,8.6,52.7,0,0,0,,0,0,32,16.2,325.2,1015.7,57,46.4,135.2,11.7,5,,2020-08-03T05:27:48,2020-08-03T20:44:32,0.5,Partially cloudy,Partly cloudy throughout the day.,partly-cloudy-day,"03680099999,D5621,03660099999,03672099999,03781099999,03772099999,03770099999"
London,2020-08-04,23,12.1,18.1,23,12.1,18.1,10.2,63.5,0,0,0,,0,0,43.9,23.3,223.4,1016.1,46.5,41.7,129.8,11.2,7,,2020-08-04T05:29:20,2020-08-04T20:42:48,0.53,Partially cloudy,Partly cloudy throughout the day.,partly-cloudy-day,"03680099999,D5621,03660099999,03672099999,03781099999,03768099999,03772099999,03770099999"
London,2020-08-05,25.6,15.6,20.4,25.6,15.6,20.4,11.3,58.5,0,0,0,,0,0,51.5,29.3,212.6,1012.9,72.2,41.2,156.7,13.5,8,,2020-08-05T05:30:52,2020-08-05T20:41:03,0.56,Partially cloudy,Partly cloudy throughout the day.,partly-cloudy-day,"03680099999,D5621,03660099999,03672099999,03781099999,03772099999,03770099999"
London,2020-08-06,28.6,19.1,22.5,28.8,19.1,22.6,15.8,67.6,0,0,0,,0,0,31.7,17.9,207.5,1016.7,71.2,39,79.5,6.8,4,,2020-08-06T05:32:25,2020-08-06T20:39:17,0.59,Partially cloudy,Partly cloudy throughout the day.,partly-cloudy-day,"03680099999,D5621,03660099999,03672099999,03781099999,03772099999,03770099999"
London,2020-08-07,35.6,15.1,25,34.3,15.1,24.6,12.9,52.8,0,0,0,,0,0,33.5,16.3,188.9,1017.8,27.6,35.9,154.7,13.1,8,,2020-08-07T05:33:58,2020-08-07T20:37:29,0.62,Partially cloudy,Partly cloudy throughout the day.,partly-cloudy-day,"03680099999,D5621,03660099999,03672099999,03781099999,03772099999,03770099999"
London,2020-08-08,32.6,21,25.4,32.8,21,25.6,15.8,56.1,0,0,0,,0,0,33.5,16.4,37.3,1018.9,68,30.4,94.6,8.2,3,,2020-08-08T05:35:31,2020-08-08T20:35:39,0.66,Partially cloudy,Partly cloudy throughout the day.,partly-cloudy-day,"03680099999,D5621,03660099999,03672099999,03781099999,03772099999,03770099999"
London,2020-08-09,31.6,18,24,32.5,18,24.2,16.1,63.7,0,0,0,,0,0,41,16.8,54,1017.8,51.2,20,137.8,11.9,7,,2020-08-09T05:37:05,2020-08-09T20:33:48,0.69,Partially cloudy,Clearing in the afternoon.,partly-cloudy-day,"03680099999,D5621,03660099999,03672099999,03781099999,03772099999,03770099999"
London,2020-08-10,34.3,19.6,26.4,34.1,19.6,26.6,16.9,58.3,0,0,0,,0,0,33.5,16.6,91.1,1014,44.3,24.1,144.2,12.2,7,,2020-08-10T05:38:39,2020-08-10T20:31:55,0.72,Partially cloudy,Partly cloudy throughout the day.,partly-cloudy-day,"03680099999,D5621,03660099999,03672099999,03781099999,03772099999,03770099999"
London,2020-08-11,34.1,21.1,27.4,34.2,21.1,27.6,17.4,57.4,0,0,0,,0,0,22,11.8,98.5,1014.1,44.6,24.3,128.5,11.1,7,,2020-08-11T05:40:13,2020-08-11T20:30:01,0.75,Partially cloudy,Partly cloudy throughout the day.,partly-cloudy-day,"03680099999,D5621,03660099999,03672099999,03781099999,F4685,03772099999,03770099999"
London,2020-08-12,34,22.1,26.9,35.3,22.1,27.3,17.9,59.7,0.027,100,8.33,rain,0,0,68.4,19.6,102.3,1013,40.6,16.8,126.2,10.9,6,,2020-08-12T05:41:47,2020-08-12T20:28:06,0.78,"Rain, Partially cloudy",Partly cloudy throughout the day with rain.,rain,"EGWU,03680099999,D5621,03768399999,03660099999,03672099999,03781099999,F4685,EGLC,03658099999,03772099999,03770099999"
London,2020-08-13,28,20,23.3,29.2,20,23.4,17.7,71,0.025,100,8.33,rain,0,0,29.5,17.3,40.2,1012.4,64.8,12.5,136.8,11.8,6,,2020-08-13T05:43:22,2020-08-13T20:26:10,0.82,"Rain, Partially cloudy",Partly cloudy throughout the day with rain.,rain,"EGWU,EGLL,03680099999,D5621,03660099999,03672099999,03781099999,F6665,03768099999,EGLC,03772099999,03770099999"
London,2020-08-14,20.1,18,18.9,20.1,18,18.9,16.3,84.8,0.47,100,16.67,rain,0,0,23.8,12.9,5.4,1013.7,97.9,10.4,34.9,2.7,2,,2020-08-14T05:44:57,2020-08-14T20:24:12,0.85,"Rain, Overcast",Cloudy skies throughout the day with a chance of rain throughout the day.,rain,"03769099999,03680099999,D5621,03660099999,03672099999,03781099999,F6665,03772099999,03770099999"
London,2020-08-15,20.5,17.5,18.8,20.5,17.5,18.8,17.4,91.3,1.414,100,16.67,rain,0,0,28.8,12.4,13.8,1014.5,97.9,6.9,28.5,2.4,2,,2020-08-15T05:46:32,2020-08-15T20:22:13,0.88,"Rain, Overcast",Cloudy skies throughout the day with a chance of rain throughout the day.,rain,"03769099999,03680099999,D5621,03660099999,03672099999,03781099999,03772099999,03770099999"
London,2020-08-16,24.5,17.6,20.6,24.5,17.6,20.6,17.4,83.4,14.946,100,8.33,rain,0,0,20.5,13,211.5,1010.8,72.7,18.7,67.3,5.8,3,,2020-08-16T05:48:07,2020-08-16T20:20:13,0.91,"Rain, Partially cloudy",Partly cloudy throughout the day with rain.,rain,"03769099999,03680099999,D5621,03672099999,03781099999,03772099999,03770099999"
London,2020-08-17,21.7,15.6,18.7,21.7,15.6,18.7,15.1,80.8,13.717,100,12.5,rain,0,0,36.4,15.9,225.1,1008,62.1,29.4,77,6.5,3,,2020-08-17T05:49:42,2020-08-17T20:18:12,0.95,"Rain, Partially cloudy",Partly cloudy throughout the day with rain.,rain,"03769099999,03680099999,D5621,03672099999,03781099999,D4121,03772099999,03770099999"
London,2020-08-18,23.1,16.6,19.8,23.1,16.6,19.8,14.8,73.4,0.025,100,4.17,rain,0,0,57.3,22.6,216.9,1008.9,58.1,39.4,104.3,8.8,5,,2020-08-18T05:51:18,2020-08-18T20:16:09,0.98,"Rain, Partially cloudy",Partly cloudy throughout the day with late afternoon rain.,rain,"03769099999,03680099999,D5621,03672099999,03781099999,F4685,03772099999,03770099999"
London,2020-08-19,20.1,16.1,18.4,20.1,16.1,18.4,17.1,92.1,10.02,100,8.33,rain,0,0,40,19.3,158.8,1003.8,73.9,12.2,33.8,3,1,,2020-08-19T05:52:53,2020-08-19T20:14:06,0,"Rain, Partially cloudy",Partly cloudy throughout the day with rain.,rain,"03769099999,03680099999,D5621,03672099999,03781099999,03772099999,03770099999"
London,2020-08-20,25.1,17,20.9,25.1,17,20.9,13.9,66.3,0.405,100,4.17,rain,0,0,50.8,25.9,203.4,1002.6,52.4,24.4,110.7,9.5,6,,2020-08-20T05:54:29,2020-08-20T20:12:02,0.05,"Rain, Partially cloudy",Partly cloudy throughout the day with early morning rain.,rain,"03769099999,03680099999,D5621,03672099999,03781099999,03772099999,03770099999"
London,2020-08-21,22.6,18.5,20.5,22.6,18.5,20.5,13.7,65.4,0.001,100,4.17,rain,0,0,71.9,42.4,213.8,1003.3,63,23.4,87.3,7.6,3,,2020-08-21T05:56:04,2020-08-21T20:09:57,0.08,"Rain, Partially cloudy",Partly cloudy throughout the day with afternoon rain.,rain,"03769099999,03680099999,D5621,03672099999,03781099999,F4685,03772099999,03770099999"
London,2020-08-22,22.5,16.6,19,22.5,16.6,19,12.3,66,0.002,100,8.33,rain,0,0,56.5,33.8,235.4,1011.7,46.2,29.7,110.7,9.5,5,,2020-08-22T05:57:40,2020-08-22T20:07:50,0.12,"Rain, Partially cloudy",Partly cloudy throughout the day with rain in the morning and afternoon.,rain,"03769099999,03680099999,D5621,03672099999,03781099999,03772099999,03770099999"
London,2020-08-23,21.5,15.5,18,21.5,15.5,18,12,68.6,0,0,0,,0,0,46.4,25.9,253,1016.2,69.5,37.5,82.2,6.9,5,,2020-08-23T05:59:16,2020-08-23T20:05:43,0.15,Partially cloudy,Partly cloudy throughout the day.,partly-cloudy-day,"03769099999,03680099999,D5621,03672099999,03781099999,F6665,03772099999,03770099999"
London,2020-08-24,22.1,13.6,17.1,22.1,13.6,17.1,12.5,75.7,0.998,100,4.17,rain,0,0,36.4,16.9,239.7,1015.4,71.7,37,109.1,9.3,5,,2020-08-24T06:00:51,2020-08-24T20:03:35,0.19,"Rain, Partially cloudy",Partly cloudy throughout the day with late afternoon rain.,rain,"03769099999,03680099999,D5621,03672099999,03781099999,F6665,03772099999,03770099999"
London,2020-08-25,21.6,15.6,17.9,21.6,15.6,17.9,14.6,81.7,6.238,100,12.5,rain,0,0,67.5,39,210.7,1002.2,79.4,18.7,64.5,5.7,3,,2020-08-25T06:02:27,2020-08-25T20:01:27,0.25,"Rain, Partially cloudy",Partly cloudy throughout the day with a chance of rain throughout the day.,rain,"03769099999,03680099999,D5621,03672099999,03781099999,03772099999,03770099999"
London,2020-08-26,21.1,16,18.3,21.1,16,18.3,11.3,64.2,0.994,100,4.17,rain,0,0,70.8,43.5,269,1011.5,72.3,40.9,92.5,8.1,4,,2020-08-26T06:04:03,2020-08-26T19:59:17,0.26,"Rain, Partially cloudy",Partly cloudy throughout the day with early morning rain.,rain,"03769099999,03680099999,D5621,03660099999,03672099999,03781099999,F6665,03772099999,03770099999"
London,2020-08-27,17.5,13.1,15.4,17.5,13.1,15.4,12.2,81.8,0.064,100,4.17,rain,0,0,56.9,19.2,205.5,1011.2,80,24.3,52.5,4.5,2,,2020-08-27T06:05:38,2020-08-27T19:57:07,0.3,"Rain, Partially cloudy",Partly cloudy throughout the day with late afternoon rain.,rain,"03769099999,03680099999,D5621,03660099999,03672099999,03781099999,03772099999,03770099999"
London,2020-08-28,19.1,12.1,15.2,19.1,12.1,15.2,11.9,81.6,4.827,100,16.67,rain,0,0,47.5,23.4,289.5,1001,76.4,29,101.2,8.7,5,,2020-08-28T06:07:14,2020-08-28T19:54:56,0.33,"Rain, Partially cloudy",Partly cloudy throughout the day with a chance of rain throughout the day.,rain,"03769099999,03680099999,D5621,03672099999,03781099999,F6665,03772099999,03770099999"
London,2020-08-29,15.5,12,13.4,15.5,12,13.4,9.6,78.5,3.011,100,12.5,rain,0,0,53.6,23.7,343.6,1008.2,91.8,24.8,55.5,4.5,3,,2020-08-29T06:08:49,2020-08-29T19:52:44,0.37,"Rain, Overcast",Cloudy skies throughout the day with rain.,rain,"03769099999,03680099999,D5621,03672099999,03781099999,F6665,03772099999,03770099999"
London,2020-08-30,16.6,12.5,14.2,16.6,12.5,14.2,8.2,68,0.007,100,4.17,rain,0,0,53.3,21,5.5,1017.2,89.6,32.1,108.9,9.3,6,,2020-08-30T06:10:25,2020-08-30T19:50:32,0.4,"Rain, Partially cloudy",Partly cloudy throughout the day with early morning rain.,rain,"03769099999,03680099999,D5621,03672099999,03781099999,03772099999,03770099999"
London,2020-08-31,17.1,8.5,13.2,17.1,8.5,13.2,7.2,69.1,0,0,0,,0,0,18,9.2,0.8,1021.9,73.7,36.7,97,8.5,5,,2020-08-31T06:12:01,2020-08-31T19:48:19,0.44,Partially cloudy,Partly cloudy throughout the day.,partly-cloudy-day,"03769099999,03680099999,D5621,03672099999,03781099999,03772099999,03770099999"
London,2020-09-01,19.6,7.6,14.2,19.6,7.6,14.2,7.8,69.1,0,0,0,,0,0,16.2,9.8,325.9,1020.8,40.8,34.8,116.8,10.1,7,,2020-09-01T06:13:36,2020-09-01T19:46:06,0.47,Partially cloudy,Partly cloudy throughout the day.,partly-cloudy-day,"03769099999,03680099999,D5621,03672099999,03781099999,03772099999,03770099999"
London,2020-09-02,20.1,10.5,15.2,20.1,10.5,15.2,10.6,76.2,0.6,100,4.17,rain,0,0,36.4,19.2,215.4,1019.2,78.3,30.8,127,11.1,6,,2020-09-02T06:15:12,2020-09-02T19:43:52,0.5,"Rain, Partially cloudy",Partly cloudy throughout the day with late afternoon rain.,rain,"03769099999,03680099999,D5621,03660099999,03672099999,03781099999,F6665,03772099999,03770099999"
London,2020-09-03,21.6,16.5,18.6,21.6,16.5,18.6,15.7,82.8,2.784,100,8.33,rain,0,0,47.2,24.2,229.7,1015.9,90.3,26.4,53.5,4.6,2,,2020-09-03T06:16:47,2020-09-03T19:41:37,0.54,"Rain, Overcast",Cloudy skies throughout the day with rain.,rain,"03769099999,03680099999,D5621,03672099999,03781099999,03772099999,03770099999"
London,2020-09-04,18.6,13.1,16,18.6,13.1,16,11,73.1,0.002,100,4.17,rain,0,0,38.9,20.5,256.7,1020.8,81.1,28.7,75.4,6.5,4,,2020-09-04T06:18:23,2020-09-04T19:39:22,0.57,"Rain, Partially cloudy",Partly cloudy throughout the day with early morning rain.,rain,"03769099999,03680099999,D5621,03672099999,03781099999,F6665,03772099999,03770099999"
London,2020-09-05,18.1,10.1,14.2,18.1,10.1,14.2,9,73.2,1.987,100,4.17,rain,0,0,37.8,18.7,282.6,1021.1,45.7,29.3,90.5,7.7,4,,2020-09-05T06:19:58,2020-09-05T19:37:07,0.61,"Rain, Partially cloudy",Partly cloudy throughout the day with early morning rain.,rain,"03769099999,03680099999,D5621,03672099999,03781099999,F6665,03772099999,03770099999"
London,2020-09-06,19.1,10.1,14.5,19.1,10.1,14.5,9.4,73,0,0,0,,0,0,25.6,15.1,265.4,1020.9,60.7,34.2,107,9,6,,2020-09-06T06:21:34,2020-09-06T19:34:51,0.64,Partially cloudy,Partly cloudy throughout the day.,partly-cloudy-day,"03769099999,03680099999,D5621,03672099999,03781099999,03772099999,03770099999"
London,2020-09-07,20.6,11,15.8,20.6,11,15.8,11.8,78.5,0,0,0,,0,0,34.6,24.2,245.5,1023.1,67.2,33.7,78.3,6.6,4,,2020-09-07T06:23:10,2020-09-07T19:32:35,0.67,Partially cloudy,Partly cloudy throughout the day.,partly-cloudy-day,"03769099999,03680099999,D5621,03672099999,03781099999,F6665,03772099999,03770099999"
London,2020-09-08,24.5,16.1,19.8,24.5,16.1,19.8,15.9,78.7,0,0,0,,0,0,31,17,254.8,1024.2,85.3,34.2,71.1,6.1,4,,2020-09-08T06:24:45,2020-09-08T19:30:18,0.7,Partially cloudy,Partly cloudy throughout the day.,partly-cloudy-day,"03769099999,03680099999,D5621,03672099999,03781099999,03772099999,03770099999"
London,2020-09-09,21.6,15.5,18.4,21.6,15.5,18.4,13.8,75.2,0,0,0,,0,0,32.8,15.9,281.9,1023.2,61.1,37,71.3,6.1,3,,2020-09-09T06:26:21,2020-09-09T19:28:01,0.74,Partially cloudy,Partly cloudy throughout the day.,partly-cloudy-day,"03769099999,03680099999,D5621,03672099999,03781099999,03772099999,03770099999"
London,2020-09-10,19.6,11.1,15.4,19.6,11.1,15.4,7.4,60,0,0,0,,0,0,24.5,9.6,356.9,1023.4,60.1,33.9,105.8,9.1,5,,2020-09-10T06:27:56,2020-09-10T19:25:44,0.75,Partially cloudy,Partly cloudy throughout the day.,partly-cloudy-day,"03769099999,03680099999,D5621,03672099999,03781099999,03772099999,03770099999"
London,2020-09-11,19.1,9.1,14.5,19.1,9.1,14.5,8.3,67.6,0,0,0,,0,0,41,21.8,246.9,1017.4,68.6,33.4,78.5,6.7,3,,2020-09-11T06:29:32,2020-09-11T19:23:26,0.8,Partially cloudy,Partly cloudy throughout the day.,partly-cloudy-day,"03769099999,03680099999,D5621,03672099999,03781099999,F6665,03772099999,03770099999"
London,2020-09-12,21.6,13,16.8,21.6,13,16.8,10,65.5,0,0,0,,0,0,38.2,19.2,247,1019.3,58.9,37.8,82.3,7.1,4,,2020-09-12T06:31:07,2020-09-12T19:21:09,0.84,Partially cloudy,Partly cloudy throughout the day.,partly-cloudy-day,"03769099999,03680099999,D5621,03672099999,03781099999,D4121,03772099999,03770099999"
London,2020-09-13,25.1,13.6,18.5,25.1,13.6,18.5,12.8,71.5,0,0,0,,0,0,34.9,17.6,220.8,1023.3,37.7,28.7,99.6,8.6,6,,2020-09-13T06:32:43,2020-09-13T19:18:51,0.87,Partially cloudy,Clearing in the afternoon.,partly-cloudy-day,"03769099999,03680099999,D5621,03672099999,03781099999,D4121,03772099999,03770099999"
London,2020-09-14,28.5,11.6,19.4,27.6,11.6,19.3,12.7,70.3,0,0,0,,0,0,22.3,13.4,111,1021.7,13.3,33.9,97.8,8.4,6,,2020-09-14T06:34:19,2020-09-14T19:16:33,0.9,Clear,Clear conditions throughout the day.,clear-day,"03769099999,03680099999,D5621,03672099999,03781099999,F4685,03772099999,03770099999"
London,2020-09-15,30,16,21.8,30.3,16,21.9,15.7,70.6,0,0,0,,0,0,24.5,14.1,323,1017.9,39.9,19.2,96.8,8.4,5,,2020-09-15T06:35:54,2020-09-15T19:14:15,0.93,Partially cloudy,Partly cloudy throughout the day.,partly-cloudy-day,"03769099999,03680099999,D5621,03672099999,03781099999,03772099999,03770099999"
London,2020-09-16,26,17.1,21.4,26,17.1,21.4,14.1,64.2,0,0,0,,0,0,39.2,19.8,40.4,1023.3,73.6,23.4,58.6,5,3,,2020-09-16T06:37:30,2020-09-16T19:11:56,0.97,Partially cloudy,Partly cloudy throughout the day.,partly-cloudy-day,"03769099999,03680099999,D5621,03672099999,03781099999,03772099999,03770099999"
London,2020-09-17,22,13.6,16.9,22,13.6,16.9,9.5,63.3,0,0,0,,0,0,47.5,22.6,61.3,1028.2,41,26.6,92,7.8,5,,2020-09-17T06:39:06,2020-09-17T19:09:38,0,Partially cloudy,Partly cloudy throughout the day.,partly-cloudy-day,"03769099999,03680099999,D5621,03672099999,03781099999,03772099999,03770099999"
London,2020-09-18,21.1,11.5,16.2,21.1,11.5,16.2,9.2,64.9,0,0,0,,0,0,49,28.2,58.9,1022.9,43,34.6,98.5,8.6,6,,2020-09-18T06:40:42,2020-09-18T19:07:19,0.03,Partially cloudy,Partly cloudy throughout the day.,partly-cloudy-day,"03769099999,03680099999,D5621,03672099999,03781099999,03772099999,03770099999"
London,2020-09-19,25,13.6,18.5,25,13.6,18.5,10.1,61.5,0,0,0,,0,0,51.5,24.7,53.5,1017.4,41.9,29.1,86.8,7.3,5,,2020-09-19T06:42:18,2020-09-19T19:05:01,0.07,Partially cloudy,Partly cloudy throughout the day.,partly-cloudy-day,"03769099999,03680099999,D5621,03672099999,03781099999,03772099999,03770099999"
London,2020-09-20,25,14.1,18.7,25,14.1,18.7,11.3,64.8,0,0,0,,0,0,42.1,17.9,43.7,1018.5,23.6,26.6,81.8,7.1,5,,2020-09-20T06:43:54,2020-09-20T19:02:42,0.1,Partially cloudy,Partly cloudy throughout the day.,partly-cloudy-day,"03769099999,03680099999,D5621,03672099999,03781099999,03772099999,03770099999"
London,2020-09-21,24,14.1,17.1,24,14.1,17.1,11.8,73.6,0,0,0,,0,0,22,10.1,31.2,1017.6,46.7,20.1,35.5,2.9,2,,2020-09-21T06:45:31,2020-09-21T19:00:24,0.14,Partially cloudy,Clearing in the afternoon.,partly-cloudy-day,"03769099999,03680099999,D5621,03672099999,03781099999,03772099999,03770099999"
London,2020-09-22,25,12.6,18,25,12.6,18,12.1,71.2,0,0,0,,0,0,41,25.7,219.3,1010,33.3,24.8,82.3,7.1,5,,2020-09-22T06:47:07,2020-09-22T18:58:05,0.17,Partially cloudy,Partly cloudy throughout the day.,partly-cloudy-day,"03769099999,03680099999,D5621,03672099999,03781099999,03772099999,03770099999"
London,2020-09-23,18.6,12,16.2,18.6,12,16.2,13.4,83.7,4.404,100,12.5,rain,0,0,52.9,23.7,224.4,1000.5,76.1,25.8,53.5,4.5,3,,2020-09-23T06:48:44,2020-09-23T18:55:47,0.21,"Rain, Partially cloudy",Partly cloudy throughout the day with rain.,rain,"03769099999,03680099999,D5621,03672099999,03781099999,03772099999,03770099999"
London,2020-09-24,16.5,8.6,11.7,16.5,7.1,11.4,7.1,74.7,4.815,100,16.67,rain,0,0,58.4,23.9,212.8,996.4,57.6,35.9,82.1,6.9,6,,2020-09-24T06:50:20,2020-09-24T18:53:29,0.25,"Rain, Partially cloudy",Partly cloudy throughout the day with a chance of rain throughout the day.,rain,"03769099999,03680099999,D5621,03672099999,03781099999,03772099999,03770099999"
London,2020-09-25,15,8,11.2,15,5.9,10.3,5.1,68.4,1.991,100,4.17,rain,0,0,65,35.6,312.6,1001.7,58.2,35.1,61.2,5.2,4,,2020-09-25T06:51:57,2020-09-25T18:51:10,0.28,"Rain, Partially cloudy",Partly cloudy throughout the day with afternoon rain.,rain,"03769099999,03680099999,D5621,03672099999,03781099999,F6665,03772099999,03770099999"
London,2020-09-26,12.6,7.5,10.5,12.6,4.3,9.4,4.2,65.5,0.001,100,4.17,rain,0,0,53.6,27.6,325.2,1011.1,47,40.7,64.8,5.6,4,,2020-09-26T06:53:34,2020-09-26T18:48:53,0.31,"Rain, Partially cloudy",Becoming cloudy in the afternoon with late afternoon rain.,rain,"03769099999,03680099999,D5621,03672099999,03781099999,03772099999,03770099999"
London,2020-09-27,14,11,12.1,14,11,12.1,6.7,69.6,0,0,0,,0,0,58.3,27.6,346.1,1012.5,94.8,35.9,19.8,1.7,1,,2020-09-27T06:55:11,2020-09-27T18:46:35,0.35,Overcast,Cloudy skies throughout the day.,cloudy,"03769099999,03680099999,D5621,03672099999,03781099999,D4121,03772099999,03770099999"
London,2020-09-28,18.6,10.5,13.7,18.6,10.5,13.7,7.8,69,0,0,0,,0,0,31.3,16.4,294.7,1013.5,78.3,33,70.6,6.1,4,,2020-09-28T06:56:49,2020-09-28T18:44:17,0.38,Partially cloudy,Partly cloudy throughout the day.,partly-cloudy-day,"03769099999,03680099999,D5621,03672099999,03781099999,03772099999,03770099999"
London,2020-09-29,19.1,13.2,15.7,19.1,13.2,15.7,12.7,83.4,1.996,100,8.33,rain,0,0,25.9,13.8,263.4,1015,74.6,17.8,30.3,2.5,1,,2020-09-29T06:58:27,2020-09-29T18:42:00,0.42,"Rain, Partially cloudy",Partly cloudy throughout the day with rain in the morning and afternoon.,rain,"03769099999,03680099999,D5621,03672099999,03781099999,AR120,03772099999,03770099999"
London,2020-09-30,17.5,11,14.2,17.5,11,14.2,11.8,86,1.006,100,4.17,rain,0,0,56.5,24.6,191.7,1007.9,66.5,19.6,37.7,3.1,2,,2020-09-30T07:00:04,2020-09-30T18:39:43,0.45,"Rain, Partially cloudy",Partly cloudy throughout the day with late afternoon rain.,rain,"03769099999,03680099999,D5621,03672099999,03781099999,03772099999,03770099999"
London,2020-10-01,16,11.5,13,16,11.5,13,8.7,76.6,5.985,100,4.17,rain,0,0,32.4,17.2,240.9,997.6,72.9,32.9,44.1,3.8,3,,2020-10-01T07:01:42,2020-10-01T18:37:27,0.5,"Rain, Partially cloudy",Partly cloudy throughout the day with early morning rain.,rain,"03769099999,03680099999,D5621,03672099999,03781099999,03772099999,03770099999"
London,2020-10-02,14,11,12.5,14,11,12.5,11.1,91.2,13.585,100,16.67,rain,0,0,64.1,32.9,78.7,988.3,84.7,16.2,13,1.1,1,,2020-10-02T07:03:21,2020-10-02T18:35:10,0.52,"Rain, Partially cloudy",Partly cloudy throughout the day with a chance of rain throughout the day.,rain,"03769099999,03680099999,D5621,03672099999,03781099999,03772099999,03770099999"
London,2020-10-03,15,11.5,13.8,15,11.5,13.8,12.2,89.8,43.724,100,12.5,rain,0,0,49.7,22.7,135.9,986.2,85.1,21.4,29.7,2.6,2,,2020-10-03T07:04:59,2020-10-03T18:32:54,0.55,"Rain, Partially cloudy",Partly cloudy throughout the day with a chance of rain throughout the day.,rain,"03769099999,03680099999,D5621,03672099999,03781099999,F6665,03772099999,03770099999"
London,2020-10-04,11.1,9.1,10.1,11.1,6,8.9,9.1,93.6,28.2,100,16.67,rain,0,0,52.2,26.2,234.7,982.5,81.2,12.9,25,2,1,,2020-10-04T07:06:38,2020-10-04T18:30:39,0.59,"Rain, Partially cloudy",Partly cloudy throughout the day with a chance of rain throughout the day.,rain,"03769099999,03680099999,D5621,03672099999,03781099999,03772099999,03770099999"
London,2020-10-05,17.6,9,12.7,17.6,6.8,12.2,10,84.9,0.6,100,8.33,rain,0,0,48.2,25.1,254.6,994.6,75.7,30.3,44.4,3.8,3,,2020-10-05T07:08:17,2020-10-05T18:28:24,0.62,"Rain, Partially cloudy",Partly cloudy throughout the day with rain.,rain,"03769099999,03680099999,D5621,03672099999,03781099999,03772099999,03770099999"
London,2020-10-06,16.1,11.5,13.3,16.1,11.5,13.3,10.1,81.6,5.786,100,12.5,rain,0,0,54.4,30.6,252.3,998.1,68.6,32.9,46.4,4.1,2,,2020-10-06T07:09:57,2020-10-06T18:26:09,0.65,"Rain, Partially cloudy",Partly cloudy throughout the day with rain.,rain,"03769099999,03680099999,D5621,03672099999,03781099999,D4121,03772099999,03770099999"
London,2020-10-07,16.5,9.1,12.5,16.5,6.8,12.3,8.2,75.9,0,0,0,,0,0,48.6,24.3,260.7,1012.2,63.7,33.8,58,4.9,4,,2020-10-07T07:11:36,2020-10-07T18:23:55,0.69,Partially cloudy,Partly cloudy throughout the day.,partly-cloudy-day,"03769099999,03680099999,D5621,03672099999,03781099999,F6665,03772099999,03770099999"
London,2020-10-08,18.1,9.6,14.7,18.1,9.6,14.7,11.9,83.5,5.198,100,8.33,rain,0,0,60.1,29,245.6,1011.7,81.6,25.3,30.5,2.6,1,,2020-10-08T07:13:16,2020-10-08T18:21:42,0.72,"Rain, Partially cloudy",Partly cloudy throughout the day with rain.,rain,"03769099999,03680099999,D5621,03660099999,03672099999,03781099999,03772099999,03770099999"
London,2020-10-09,14.1,7.1,9.7,14.1,6.2,9.4,7.5,87.2,1.995,100,4.17,rain,0,0,46.1,22.9,263.6,1018.8,60.1,33.3,62.2,5.3,5,,2020-10-09T07:14:56,2020-10-09T18:19:29,0.75,"Rain, Partially cloudy",Partly cloudy throughout the day with late afternoon rain.,rain,"03769099999,03680099999,D5621,03672099999,03781099999,03772099999,03770099999"
London,2020-10-10,13.1,5.1,9.1,13.1,2.6,8,6.4,83.6,0.2,100,8.33,rain,0,0,52.9,16.8,274.8,1022.4,56.4,41.1,41.5,3.5,2,,2020-10-10T07:16:37,2020-10-10T18:17:17,0.75,"Rain, Partially cloudy",Partly cloudy throughout the day with rain.,rain,"03769099999,03680099999,D5621,03672099999,03781099999,D4121,03772099999,03770099999"
London,2020-10-11,14.1,7.6,10.5,14.1,6.2,10.1,6.8,79.3,0.994,100,4.17,rain,0,0,39.6,12.1,330.2,1025,60.7,38.6,51.8,4.6,3,,2020-10-11T07:18:18,2020-10-11T18:15:05,0.82,"Rain, Partially cloudy",Partly cloudy throughout the day with early morning rain.,rain,"03769099999,03680099999,D5621,03672099999,03781099999,03772099999,03770099999"
London,2020-10-12,13.1,6.6,9.7,13.1,6.6,9.7,7.8,88.4,0.214,100,8.33,rain,0,0,31,10.2,222.1,1019.9,91.2,25.1,32.1,2.7,1,,2020-10-12T07:19:59,2020-10-12T18:12:54,0.85,"Rain, Overcast",Cloudy skies throughout the day with rain.,rain,"03769099999,03680099999,D5621,03672099999,03781099999,03772099999,03770099999"
London,2020-10-13,11,7.1,9.6,11,6.1,9.3,8,90,8.966,100,8.33,rain,0,0,39.2,16.3,354.5,1010.5,81.1,21.2,22.5,1.8,1,,2020-10-13T07:21:40,2020-10-13T18:10:44,0.89,"Rain, Partially cloudy",Partly cloudy throughout the day with rain.,rain,"03769099999,03680099999,D5621,03672099999,03781099999,03772099999,03770099999"
London,2020-10-14,14.1,8.6,11,14.1,6.4,10.5,7.9,81.5,2.198,100,8.33,rain,0,0,47.9,20.6,40.2,1020.1,61.2,29.6,49.3,4.2,3,,2020-10-14T07:23:22,2020-10-14T18:08:35,0.92,"Rain, Partially cloudy",Becoming cloudy in the afternoon with rain.,rain,"03769099999,03680099999,D5621,03672099999,03781099999,03772099999,03770099999"
London,2020-10-15,13,8.5,10.2,13,6.4,9.2,6.8,79.6,0.599,100,8.33,rain,0,0,43.9,19.7,17.7,1024.4,58.2,34.9,38.8,3.3,2,,2020-10-15T07:25:04,2020-10-15T18:06:26,0.95,"Rain, Partially cloudy",Partly cloudy throughout the day with rain.,rain,"03769099999,03680099999,D5621,03672099999,03781099999,03772099999,03770099999"
London,2020-10-16,13,8,10.6,13,6.7,10,6.4,76.1,0.001,100,4.17,rain,0,0,30.2,13.7,28.3,1024.8,77,31.4,40.2,3.3,2,,2020-10-16T07:26:46,2020-10-16T18:04:19,0,"Rain, Partially cloudy",Partly cloudy throughout the day with morning rain.,rain,"03769099999,03680099999,D5621,03672099999,03781099999,03772099999,03770099999"
London,2020-10-17,12.5,10,10.9,12.5,10,10.9,7.2,78.2,0.002,100,4.17,rain,0,0,21.6,10.4,20.3,1022.7,92.6,30.6,25.7,2.4,1,,2020-10-17T07:28:29,2020-10-17T18:02:12,0.02,"Rain, Overcast",Cloudy skies throughout the day with morning rain.,rain,"03769099999,03680099999,D5621,03672099999,03781099999,03772099999,03770099999"
London,2020-10-18,13,9.1,10.5,13,8.7,10.5,7.7,82.8,0.198,100,4.17,rain,0,0,14,6.7,282.6,1023.7,94.7,21.2,31.8,2.6,2,,2020-10-18T07:30:12,2020-10-18T18:00:06,0.06,"Rain, Overcast",Cloudy skies throughout the day with morning rain.,rain,"03769099999,03680099999,D5621,03672099999,03781099999,03772099999,03770099999"
London,2020-10-19,15.6,8.6,12.3,15.6,7.5,12.2,7,71.1,0,0,0,,0,0,47.5,23.3,158.6,1015.7,86.2,28.2,44.7,3.8,2,,2020-10-19T07:31:55,2020-10-19T17:58:01,0.09,Partially cloudy,Partly cloudy throughout the day.,partly-cloudy-day,"03769099999,03680099999,D5621,03672099999,03781099999,03772099999,03770099999"
London,2020-10-20,18.1,12.6,15.3,18.1,12.6,15.3,11.4,77.7,0.601,100,8.33,rain,0,0,54.7,29.4,186.9,1001.7,81.6,23.5,41.8,3.5,2,,2020-10-20T07:33:39,2020-10-20T17:55:57,0.12,"Rain, Partially cloudy",Partly cloudy throughout the day with rain in the morning and afternoon.,rain,"03769099999,03680099999,D5621,03660099999,03672099999,03781099999,03768099999,03772099999,03770099999"
London,2020-10-21,15.6,13.7,14.8,15.6,13.7,14.8,13.5,92,10.036,100,12.5,rain,0,0,48.2,26,190.9,996.8,86.5,18.6,14.8,1.2,1,,2020-10-21T07:35:23,2020-10-21T17:53:54,0.16,"Rain, Partially cloudy",Partly cloudy throughout the day with rain.,rain,"03769099999,03680099999,D5621,03672099999,03781099999,F6665,03772099999,03770099999"
London,2020-10-22,16.5,11.6,13.4,16.5,11.6,13.4,10.2,81.5,0.198,100,4.17,rain,0,0,47.2,22.8,232.7,1007.8,47.6,29.2,32.8,2.9,2,,2020-10-22T07:37:07,2020-10-22T17:51:52,0.19,"Rain, Partially cloudy",Partly cloudy throughout the day with late afternoon rain.,rain,"03769099999,03680099999,D5621,03672099999,03781099999,03772099999,03770099999"
London,2020-10-23,15.6,9.6,12.7,15.6,8.6,12.7,10.2,85.4,0.005,100,8.33,rain,0,0,50,24.9,221.2,1008.5,73.7,25.3,40,3.3,2,,2020-10-23T07:38:51,2020-10-23T17:49:51,0.25,"Rain, Partially cloudy",Partly cloudy throughout the day with rain in the morning and afternoon.,rain,"03769099999,03680099999,D5621,03672099999,03781099999,03772099999,03770099999"
London,2020-10-24,16.1,8.6,12.7,16.1,7.4,12.5,10,83.6,0.611,100,8.33,rain,0,0,61.6,35.1,201.1,1002.7,76.5,20.7,21.1,1.9,1,,2020-10-24T07:40:36,2020-10-24T17:47:52,0.26,"Rain, Partially cloudy",Partly cloudy throughout the day with rain.,rain,"03769099999,03680099999,D5621,03672099999,03781099999,03772099999,03770099999"
London,2020-10-25,12.5,8.6,10.4,12.5,7.1,9.7,7.8,84,8.071,100,12.5,rain,0,0,48.2,21.9,203.8,996.5,48,31.6,27.6,2.5,2,,2020-10-25T06:42:21,2020-10-25T16:45:53,0.29,"Rain, Partially cloudy",Partly cloudy throughout the day with a chance of rain throughout the day.,rain,"03769099999,03680099999,D5621,03672099999,03781099999,03772099999,03770099999"
London,2020-10-26,13.1,7.5,9.8,13.1,5.2,8.7,6.7,81.2,0.001,100,4.17,rain,0,0,48.6,23.6,234.8,998,34.1,29.5,41.6,3.6,3,,2020-10-26T06:44:06,2020-10-26T16:43:56,0.33,"Rain, Partially cloudy",Partly cloudy throughout the day with afternoon rain.,rain,"03769099999,03680099999,D5621,03672099999,03781099999,03772099999,03770099999"
London,2020-10-27,14,7,9.9,14,5.6,9.1,8.2,89,1.017,100,8.33,rain,0,0,53.6,24.6,213,998.5,63.4,17.2,17,1.5,1,,2020-10-27T06:45:51,2020-10-27T16:42:00,0.36,"Rain, Partially cloudy",Partly cloudy throughout the day with rain.,rain,"03769099999,03680099999,D5621,03672099999,03781099999,03772099999,03770099999"
London,2020-10-28,13.5,8.3,10,13.5,5.2,8.2,6.6,80,2.002,100,8.33,rain,0,0,68.1,27.1,227.7,1002.6,52.2,27.6,33.3,2.7,2,,2020-10-28T06:47:37,2020-10-28T16:40:06,0.39,"Rain, Partially cloudy",Partly cloudy throughout the day with rain.,rain,"03769099999,03680099999,D5621,03672099999,03781099999,03772099999,03770099999"
London,2020-10-29,14.8,8.3,11.9,14.8,5.9,11.2,9.7,86.1,3.008,100,4.17,rain,0,0,52.6,26.9,226.7,1012.1,84.5,19.7,18,1.5,1,,2020-10-29T06:49:23,2020-10-29T16:38:13,0.43,"Rain, Partially cloudy",Partly cloudy throughout the day with afternoon rain.,rain,"03769099999,03680099999,D5621,03672099999,03781099999,F6665,D4121,03772099999,03770099999"
London,2020-10-30,16.3,14.6,15.3,16.3,14.6,15.3,12.9,85.5,0.004,100,12.5,rain,0,0,54.4,26.3,226.1,1016.2,93.2,20.4,17.6,1.4,1,,2020-10-30T06:51:08,2020-10-30T16:36:21,0.46,"Rain, Overcast",Cloudy skies throughout the day with rain.,rain,"03769099999,03680099999,D5621,03672099999,03781099999,F6665,03772099999,03770099999"
London,2020-10-31,15.5,11,13.4,15.5,11,13.4,10.3,81.5,7.618,100,12.5,rain,0,0,59.3,29.2,203.1,1011.7,80.5,20,27.3,2.4,3,,2020-10-31T06:52:54,2020-10-31T16:34:31,0.5,"Rain, Partially cloudy",Partly cloudy throughout the day with rain.,rain,"03769099999,03680099999,D5621,03672099999,03781099999,F6665,03772099999,03770099999"
London,2020-11-01,17.5,10.7,14.7,17.5,10.7,14.7,11.8,82.6,0.399,100,12.5,rain,0,0,58.7,35.9,211.8,1003.4,86.6,15.2,24.4,2,1,,2020-11-01T06:54:40,2020-11-01T16:32:43,0.53,"Rain, Partially cloudy",Partly cloudy throughout the day with rain.,rain,"03769099999,03680099999,D5621,03672099999,03781099999,F6665,03772099999,03770099999"
London,2020-11-02,17.6,8.1,14.1,17.6,6.9,13.9,9.2,72.8,0.412,100,12.5,rain,0,0,69.8,40.9,236.4,1005.2,51,24.7,34.4,3.1,2,,2020-11-02T06:56:27,2020-11-02T16:30:56,0.56,"Rain, Partially cloudy",Partly cloudy throughout the day with a chance of rain throughout the day.,rain,"03769099999,03680099999,D5621,03672099999,03781099999,F6665,03772099999,03770099999"
London,2020-11-03,10.6,5.6,8.1,10.6,3.5,6.2,4.5,77.9,9.765,100,8.33,rain,0,0,51.1,27.9,247.6,1019,53.2,28.8,34.2,3,3,,2020-11-03T06:58:13,2020-11-03T16:29:10,0.6,"Rain, Partially cloudy",Partly cloudy throughout the day with rain in the morning and afternoon.,rain,"03769099999,03680099999,D5621,03672099999,03781099999,F6665,03772099999,03770099999"
London,2020-11-04,11.5,2.1,6.3,11.5,2.1,6.2,3.6,84.4,0.199,100,4.17,rain,0,0,23.4,9,299.9,1033.5,15.7,22.9,48.4,4.2,3,,2020-11-04T06:59:59,2020-11-04T16:27:27,0.63,Rain,Clear conditions throughout the day with afternoon rain.,rain,"03769099999,03680099999,D5621,03672099999,03781099999,F6665,03772099999,03770099999"
London,2020-11-05,10.1,3,5.5,10.1,3,5.5,4.5,93.5,0.001,100,4.17,rain,0,0,12.2,4.6,326.6,1038.6,56,5.6,26.3,2.4,2,,2020-11-05T07:01:45,2020-11-05T16:25:45,0.67,"Rain, Partially cloudy",Partly cloudy throughout the day with afternoon rain.,rain,"03769099999,EGWU,EGLL,03768399999,03672099999,03781099999,03658099999,03772099999,03876099999,03680099999,D5621,EGLC,03770099999"
London,2020-11-06,11.6,3.5,7.8,11.6,2.3,7.2,4.6,81.7,0.2,100,4.17,rain,0,0,33.1,16.8,81.4,1029.2,75.4,16.9,28.5,2.5,1,,2020-11-06T07:03:31,2020-11-06T16:24:05,0.7,"Rain, Partially cloudy",Partly cloudy throughout the day with afternoon rain.,rain,"03769099999,03680099999,D5621,03672099999,03781099999,03772099999,03770099999"
London,2020-11-07,13.7,6,9.7,13.7,5.1,9.3,7.6,87.2,0,0,0,,0,0,22.7,9.2,88.9,1020.2,46,11,36.7,3.3,2,,2020-11-07T07:05:17,2020-11-07T16:22:26,0.74,Partially cloudy,Partly cloudy throughout the day.,partly-cloudy-day,"03769099999,03680099999,D5621,03672099999,03781099999,D4121,03772099999,03770099999"
London,2020-11-08,15.5,10.1,12.7,15.5,10.1,12.7,11.3,91.5,0.001,100,4.17,rain,0,0,20.2,8.8,133.8,1018.2,92.1,5.2,34.3,3,2,,2020-11-08T07:07:02,2020-11-08T16:20:50,0.75,"Rain, Overcast",Cloudy skies throughout the day with morning rain.,rain,"03769099999,03680099999,D5621,03672099999,03781099999,F6665,03772099999,03770099999"
London,2020-11-09,17,11.6,13.6,17,11.6,13.6,12.4,92.5,4.007,100,12.5,rain,0,0,34.2,12,144.5,1019.4,84.9,11.2,28.9,2.5,2,,2020-11-09T07:08:48,2020-11-09T16:19:15,0.8,"Rain, Partially cloudy",Partly cloudy throughout the day with rain.,rain,"03769099999,03680099999,D5621,03672099999,03781099999,03772099999,03770099999"
London,2020-11-10,14.7,9.5,12.3,14.7,8.9,12.3,11,92.2,1,100,8.33,rain,0,0,23.8,10.5,192.1,1023.2,66,13.6,33.2,2.8,3,,2020-11-10T07:10:33,2020-11-10T16:17:43,0.84,"Rain, Partially cloudy",Partly cloudy throughout the day with rain clearing later.,rain,"03769099999,03680099999,D5621,03672099999,03781099999,F4685,03772099999,03770099999"
London,2020-11-11,13.6,9.5,12,13.6,8.8,12,10.1,87.8,0.2,100,12.5,rain,0,0,51.4,30,167.8,1017.5,80.4,19.4,23.2,2,1,,2020-11-11T07:12:18,2020-11-11T16:16:13,0.87,"Rain, Partially cloudy",Partly cloudy throughout the day with rain.,rain,"03769099999,03680099999,D5621,03672099999,03781099999,F6665,03772099999,03770099999"
London,2020-11-12,13,9.6,11,13,6.7,10.8,7.5,79.4,3.027,100,4.17,rain,0,0,48.2,23.8,227.2,1013.5,49,29,37.4,3.3,3,,2020-11-12T07:14:03,2020-11-12T16:14:44,0.91,"Rain, Partially cloudy",Partly cloudy throughout the day with early morning rain.,rain,"03769099999,03680099999,D5621,03672099999,03781099999,03772099999,03770099999"
London,2020-11-13,12.6,9.6,11,12.6,8.3,10.9,7.8,80.4,0.6,100,4.17,rain,0,0,50,19.8,212.1,1012,73,28.5,22.5,2.1,1,,2020-11-13T07:15:47,2020-11-13T16:13:18,0.94,"Rain, Partially cloudy",Partly cloudy throughout the day with afternoon rain.,rain,"03769099999,03680099999,D5621,03672099999,03781099999,03772099999,03770099999"
London,2020-11-14,14.6,10,12.9,14.6,10,12.9,10.7,86.3,1.046,100,12.5,rain,0,0,64.4,28.4,190.2,1007.2,84.1,12.4,9.3,0.7,1,,2020-11-14T07:17:30,2020-11-14T16:11:54,0.98,"Rain, Partially cloudy",Partly cloudy throughout the day with rain.,rain,"03769099999,03680099999,D5621,03672099999,03781099999,03772099999,03770099999"
London,2020-11-15,14.5,7.6,11.2,14.5,4.3,10.2,8.2,82.6,14.627,100,16.67,rain,0,0,75.6,35.3,216.2,996.5,67.9,24.3,16.5,1.4,1,,2020-11-15T07:19:13,2020-11-15T16:10:33,0,"Rain, Partially cloudy",Partly cloudy throughout the day with a chance of rain throughout the day.,rain,"03769099999,03680099999,D5621,03672099999,03781099999,F6665,03772099999,03770099999"
London,2020-11-16,13.1,7.6,10.7,13.1,4.8,10.3,7.5,80.5,0.4,100,4.17,rain,0,0,47.9,28.2,242.7,1012.4,75.8,26.1,18.4,1.5,1,,2020-11-16T07:20:56,2020-11-16T16:09:13,0.04,"Rain, Partially cloudy",Partly cloudy throughout the day with late afternoon rain.,rain,"03769099999,EGWU,03680099999,EGLL,D5621,03768399999,03672099999,03781099999,03761099999,EGLC,03772099999,03770099999"
London,2020-11-17,14.6,12,13.2,14.6,12,13.2,10.4,83.1,0.997,100,4.17,rain,0,0,53.3,23.6,224.9,1020.5,92,22.2,24.8,2.2,2,,2020-11-17T07:22:37,2020-11-17T16:07:56,0.08,"Rain, Overcast",Cloudy skies throughout the day with early morning rain.,rain,"03769099999,03680099999,D5621,03672099999,03781099999,03772099999,03770099999"
London,2020-11-18,16.1,8.6,12.5,16.1,5.3,12.1,8.8,78.2,0.401,100,4.17,rain,0,0,57,31.2,217.1,1016.5,72.3,20.3,24.1,2,1,,2020-11-18T07:24:18,2020-11-18T16:06:42,0.11,"Rain, Partially cloudy",Partly cloudy throughout the day with late afternoon rain.,rain,"03769099999,03680099999,D5621,03672099999,03781099999,03772099999,03770099999"
London,2020-11-19,10.5,5,8.4,10.5,4.1,6.1,4.4,76.1,0.802,100,8.33,rain,0,0,50,30.2,275.6,1026.1,54.2,32.8,14.8,1.3,1,,2020-11-19T07:25:58,2020-11-19T16:05:30,0.14,"Rain, Partially cloudy",Partly cloudy throughout the day with rain.,rain,"03769099999,03680099999,D5621,03672099999,03781099999,03772099999,03770099999"
London,2020-11-20,11,2,6.7,11,0.9,5.8,5.1,89.2,0.998,100,8.33,rain,0,0,36,18.4,211.3,1033.2,78.9,19.5,17.5,1.6,1,,2020-11-20T07:27:38,2020-11-20T16:04:21,0.17,"Rain, Partially cloudy",Partly cloudy throughout the day with rain.,rain,"03769099999,03680099999,D5621,03672099999,03781099999,03772099999,03770099999"
London,2020-11-21,12.1,10.5,11.3,12.1,10.5,11.3,7.9,79.5,0.001,100,4.17,rain,0,0,53.6,28.2,236.3,1026.7,91.3,37.5,17.3,1.5,1,,2020-11-21T07:29:16,2020-11-21T16:03:14,0.21,"Rain, Overcast",Cloudy skies throughout the day with early morning rain.,rain,"03769099999,03680099999,D5621,03672099999,03781099999,03772099999,03770099999"
London,2020-11-22,11.6,6,9.4,11.6,5.3,9.2,6.6,83,0.399,100,4.17,rain,0,0,34.6,18.5,266.4,1026.5,79.3,28.9,23.3,1.9,1,,2020-11-22T07:30:53,2020-11-22T16:02:10,0.25,"Rain, Partially cloudy",Partly cloudy throughout the day with morning rain.,rain,"03769099999,03680099999,D5621,03672099999,03781099999,03772099999,03770099999"
London,2020-11-23,10,3.6,6.9,10,3.6,6.2,5.2,89.3,0,0,0,,0,0,29.5,12.7,203.3,1027.1,72.6,20.6,26.2,2.2,2,,2020-11-23T07:32:29,2020-11-23T16:01:08,0.27,Partially cloudy,Partly cloudy throughout the day.,partly-cloudy-day,"03769099999,03680099999,D5621,03672099999,03781099999,03772099999,03770099999"
London,2020-11-24,12,9.5,10.7,12,7.7,10.3,7.7,81.8,0,0,0,,0,0,45.7,20.7,186.5,1017.1,71.5,33.3,25.4,2.3,1,,2020-11-24T07:34:04,2020-11-24T16:00:09,0.31,Partially cloudy,Partly cloudy throughout the day.,partly-cloudy-day,"03769099999,03680099999,D5621,03672099999,03781099999,03772099999,03770099999"
London,2020-11-25,14,8.1,10.6,14,7.5,10.2,8.1,84.5,0.001,100,4.17,rain,0,0,36.7,16.9,202.9,1013.1,84.4,22.1,10.2,0.7,1,,2020-11-25T07:35:38,2020-11-25T15:59:14,0.34,"Rain, Partially cloudy",Partly cloudy throughout the day with afternoon rain.,rain,"03769099999,03680099999,D5621,03672099999,03781099999,03772099999,03770099999"
London,2020-11-26,9.5,4.6,7.6,8.7,4.6,7.3,4.3,79.9,0.199,100,8.33,rain,0,0,16.6,7.4,17,1021.1,76.1,16.1,17.6,1.5,1,,2020-11-26T07:37:10,2020-11-26T15:58:21,0.37,"Rain, Partially cloudy",Partly cloudy throughout the day with rain.,rain,"03769099999,03680099999,D5621,03672099999,03781099999,03772099999,03770099999"
London,2020-11-27,7.1,1,4.7,6,1,4,3.1,89.4,0.002,100,4.17,rain,0,0,22.7,8.7,27.5,1019.1,77,7.6,16.1,1.4,1,,2020-11-27T07:38:41,2020-11-27T15:57:31,0.4,"Rain, Partially cloudy",Partly cloudy throughout the day with afternoon rain.,rain,"03769099999,03680099999,D5621,03672099999,03781099999,03772099999,03770099999"
London,2020-11-28,10.6,7.6,9.3,10.6,6.1,8.4,7.8,90.1,0,0,0,,0,0,33.5,12,80.1,1018.5,98,4.2,12.1,1,1,,2020-11-28T07:40:10,2020-11-28T15:56:43,0.44,Overcast,Cloudy skies throughout the day.,cloudy,"03769099999,03680099999,D5621,03672099999,03781099999,03772099999,03770099999"
London,2020-11-29,9.5,7.1,8.3,8.3,5.7,7.3,6.5,88.7,0,0,0,,0,0,20.9,11.5,40.1,1025.9,99.2,3.4,10,0.9,0,,2020-11-29T07:41:37,2020-11-29T15:55:59,0.47,Overcast,Cloudy skies throughout the day.,cloudy,"03769099999,03680099999,D5621,03672099999,03781099999,03772099999,03770099999"
London,2020-11-30,10.6,5.1,7.4,10.6,1.7,5.4,5.6,89.4,0,0,0,,0,0,52.6,26.9,273.6,1024.1,88.4,11.2,9,0.7,0,,2020-11-30T07:43:03,2020-11-30T15:55:18,0.5,Partially cloudy,Partly cloudy throughout the day.,partly-cloudy-day,"03769099999,03680099999,D5621,03672099999,03781099999,F6665,D4121,03772099999,03770099999"
London,2020-12-01,8.6,5.5,6.6,6.1,2.9,4.3,2,72.6,0.001,100,4.17,rain,0,0,38.9,17,331.8,1025.3,51.6,34.2,24.7,2.1,2,,2020-12-01T07:44:27,2020-12-01T15:54:40,0.54,"Rain, Partially cloudy",Partly cloudy throughout the day with early morning rain.,rain,"03769099999,03680099999,D5621,03672099999,03781099999,03772099999,03770099999"
London,2020-12-02,7.1,3.5,5.6,5.5,3.5,4.6,3.1,84.1,0.2,100,4.17,rain,0,0,20.9,11.5,260.9,1018,89.8,15.8,16.6,1.5,1,,2020-12-02T07:45:49,2020-12-02T15:54:06,0.57,"Rain, Partially cloudy",Partly cloudy throughout the day with late afternoon rain.,rain,"03769099999,03680099999,D5621,03672099999,03781099999,03772099999,03770099999"
London,2020-12-03,7.5,3.6,5.5,4.9,1.9,3.5,4.2,91.5,14.214,100,16.67,rain,0,0,48.2,17.7,190.7,990,83.2,13.7,4.9,0.5,0,,2020-12-03T07:47:10,2020-12-03T15:53:34,0.61,"Rain, Partially cloudy",Partly cloudy throughout the day with a chance of rain throughout the day.,rain,"03769099999,03680099999,D5621,03672099999,03781099999,03772099999,03770099999"
London,2020-12-04,6,3.6,4.7,3.8,-0.6,1.3,2.1,83.9,3.788,100,12.5,rain,1.7,1.2,41.8,22.8,249.4,977.3,90.9,22.7,10.2,0.8,0,,2020-12-04T07:48:28,2020-12-04T15:53:06,0.64,"Rain, Overcast",Cloudy skies throughout the day with a chance of rain or snow throughout the day.,snow,"03769099999,03680099999,D5621,03672099999,03781099999,D4121,03772099999,03770099999"
London,2020-12-05,8.1,4,5.5,5.2,0.6,2.7,2,78.2,0.001,100,4.17,rain,0,0.3,42.5,18.7,102.9,991.2,71.3,35.8,23.9,2,2,,2020-12-05T07:49:44,2020-12-05T15:52:40,0.68,"Rain, Partially cloudy",Partly cloudy throughout the day with morning rain.,rain,"03769099999,03680099999,D5621,03672099999,03781099999,03772099999,03770099999"
London,2020-12-06,5.6,2.1,4,4.5,0.4,2.1,1.9,86.2,1.991,100,8.33,rain,0,0.2,24.1,12.8,8.3,1001.6,78.1,10.2,14.1,1.1,1,,2020-12-06T07:50:57,2020-12-06T15:52:19,0.71,"Rain, Partially cloudy",Partly cloudy throughout the day with rain in the morning and afternoon.,rain,"03769099999,03680099999,D5621,03672099999,03781099999,03772099999,03770099999"
London,2020-12-07,3.6,1,2.3,3.5,-1,1.5,1.4,93.7,0.001,100,4.17,rain,0,0.5,20.2,6.6,22.7,999.2,96.9,1.7,9.8,0.8,1,,2020-12-07T07:52:09,2020-12-07T15:52:00,0.75,"Rain, Overcast",Cloudy skies throughout the day with late afternoon rain.,rain,"03769099999,03680099999,D5621,03672099999,03781099999,03772099999,03770099999"
London,2020-12-08,4.1,1.6,2.9,3.1,0.5,2.1,2,93.8,0.614,100,8.33,rain,0,0.3,19.8,8.3,243.6,1003.3,79.8,3.5,17.7,1.5,1,,2020-12-08T07:53:18,2020-12-08T15:51:45,0.75,"Rain, Partially cloudy",Partly cloudy throughout the day with rain.,rain,"03769099999,03680099999,D5621,03672099999,03781099999,03772099999,03770099999"
London,2020-12-09,7,4.5,5.6,5,2,3.2,3.6,87.2,1.994,100,4.17,rain,0,0.1,27.7,14.2,236.4,1005.8,92.5,19,16.6,1.2,1,,2020-12-09T07:54:24,2020-12-09T15:51:33,0.82,"Rain, Overcast",Cloudy skies throughout the day with early morning rain.,rain,"03769099999,03680099999,D5621,03660099999,03672099999,03781099999,F6665,D4121,03772099999,03770099999"
London,2020-12-10,7.6,6,6.9,6.1,3,4.3,4.6,85,0,0,0,,0,0,35.6,19,135.3,999.2,95.5,18.1,8.7,0.6,0,,2020-12-10T07:55:28,2020-12-10T15:51:25,0.85,Overcast,Cloudy skies throughout the day.,cloudy,"03769099999,03680099999,D5621,03672099999,03781099999,D4121,03772099999,03770099999"
London,2020-12-11,11.1,7.6,9.1,11.1,5.5,8.2,8.2,93.6,7.576,100,16.67,rain,0,0,37.4,18.5,201.7,987.1,79.9,11.6,13,1,1,,2020-12-11T07:56:30,2020-12-11T15:51:19,0.89,"Rain, Partially cloudy",Partly cloudy throughout the day with a chance of rain throughout the day.,rain,"03769099999,03680099999,D5621,03672099999,03781099999,F6665,03772099999,03770099999"
London,2020-12-12,9.6,3.1,7.8,7.6,0.5,5.6,5.4,85.3,0.001,100,4.17,rain,0,0,43.2,20.5,281.5,999,68.5,24.6,11.9,1.2,1,,2020-12-12T07:57:28,2020-12-12T15:51:18,0.92,"Rain, Partially cloudy",Partly cloudy throughout the day with afternoon rain.,rain,"03769099999,03680099999,D5621,03672099999,03781099999,03772099999,03770099999"
London,2020-12-13,11.6,2.1,7.4,11.6,0.6,5.9,6.2,92.2,1.996,100,4.17,rain,0,0,49.7,23.9,174.8,1002.4,84.9,13.6,8.7,0.6,1,,2020-12-13T07:58:24,2020-12-13T15:51:20,0.96,"Rain, Partially cloudy",Partly cloudy throughout the day with afternoon rain.,rain,"03769099999,03680099999,D5621,03672099999,03781099999,F6665,03772099999,03770099999"
London,2020-12-14,12.6,8.6,10.5,12.6,6.5,9.7,8.5,88.1,13.761,100,16.67,rain,0,0,59.4,27.3,202.2,999.2,69.1,17.1,16.9,1.4,1,,2020-12-14T07:59:17,2020-12-14T15:51:25,0,"Rain, Partially cloudy",Partly cloudy throughout the day with a chance of rain throughout the day.,rain,"03769099999,03680099999,D5621,03672099999,03781099999,03772099999,03770099999"
London,2020-12-15,11.6,8.1,9.3,11.6,6.4,8,7.2,86.9,2.194,100,8.33,rain,0,0,39.2,18.3,186.4,1005.7,39.8,20.6,20.3,1.7,2,,2020-12-15T08:00:07,2020-12-15T15:51:33,0.03,"Rain, Partially cloudy",Partly cloudy throughout the day with rain.,rain,"03769099999,03680099999,D5621,03672099999,03781099999,03772099999,03770099999"
London,2020-12-16,11,8,9.3,11,6.1,7.8,7,85.4,2.013,100,4.17,rain,0,0,50,22.9,166.3,1007.3,83.6,25.7,21.7,1.9,1,,2020-12-16T08:00:55,2020-12-16T15:51:45,0.06,"Rain, Partially cloudy",Partly cloudy throughout the day with late afternoon rain.,rain,"03769099999,03680099999,D5621,03672099999,03781099999,03772099999,03770099999"
London,2020-12-17,11.5,6.6,9.4,11.5,4.3,8.3,7,85.2,0.199,100,4.17,rain,0,0,49.3,23.8,207.5,1013.9,49.9,24.3,21.7,1.8,1,,2020-12-17T08:01:39,2020-12-17T15:52:01,0.09,"Rain, Partially cloudy",Partly cloudy throughout the day with early morning rain.,rain,"03769099999,03680099999,D5621,03672099999,03781099999,03772099999,03770099999"
London,2020-12-18,12.1,11,11.5,12.1,11,11.5,9.5,87.2,0.415,100,12.5,rain,0,0,57.6,30,188.1,1010.7,93.7,14.3,10.3,0.7,0,,2020-12-18T08:02:20,2020-12-18T15:52:20,0.12,"Rain, Overcast",Cloudy skies throughout the day with rain.,rain,"03769099999,03680099999,D5621,03672099999,03781099999,AR120,03772099999,03770099999"
London,2020-12-19,12.5,7.6,10.4,12.5,5.1,9.8,7.6,82.7,1.638,100,16.67,rain,0,0,52.2,26.6,197.3,1005.1,62.8,18.3,15,1.3,1,,2020-12-19T08:02:58,2020-12-19T15:52:42,0.16,"Rain, Partially cloudy",Partly cloudy throughout the day with a chance of rain throughout the day.,rain,"03769099999,03680099999,D5621,03672099999,03781099999,03772099999,03770099999"
London,2020-12-20,10.1,6.1,8.1,10.1,3.6,6,5.3,82.8,5.779,100,12.5,rain,0,0,45.7,21.3,209.4,1012.6,46.7,28,21.9,1.8,1,,2020-12-20T08:03:33,2020-12-20T15:53:08,0.19,"Rain, Partially cloudy",Partly cloudy throughout the day with a chance of rain throughout the day.,rain,"03769099999,03680099999,D5621,03672099999,03781099999,03772099999,03770099999"
London,2020-12-21,13.6,7,11.1,13.6,5,10.3,9.9,91.7,2.014,100,8.33,rain,0,0,54,25.7,200.4,1006.7,92.6,17.1,6.5,0.6,0,,2020-12-21T08:04:05,2020-12-21T15:53:36,0.25,"Rain, Overcast",Cloudy skies throughout the day with rain in the morning and afternoon.,rain,"03769099999,03680099999,D5621,03672099999,03781099999,03772099999,03770099999"
London,2020-12-22,14,10.2,11.7,14,10.2,11.7,9.6,87.3,2.001,100,8.33,rain,0,0,60.1,29.8,245.1,1010.4,85.8,27.7,10.2,0.8,1,,2020-12-22T08:04:33,2020-12-22T15:54:09,0.25,"Rain, Partially cloudy",Partly cloudy throughout the day with rain.,rain,"03769099999,03680099999,D5621,03672099999,03781099999,03772099999,03770099999"
London,2020-12-23,13.1,9,11.3,13.1,6.7,11.1,9.9,91.2,2.999,100,8.33,rain,0,0,46.4,22.7,195.3,1005,81,20.7,11.5,1,1,,2020-12-23T08:04:58,2020-12-23T15:54:44,0.29,"Rain, Partially cloudy",Partly cloudy throughout the day with rain.,rain,"03769099999,03680099999,D5621,03672099999,03781099999,03772099999,03770099999"
London,2020-12-24,7.6,3.1,5.3,3.9,-1.4,1.4,1.5,76.4,1.992,100,8.33,rain,0,0,53.4,27.1,349.6,1020.7,60.1,40,23.3,2,2,,2020-12-24T08:05:20,2020-12-24T15:55:23,0.32,"Rain, Partially cloudy",Partly cloudy throughout the day with rain clearing later.,rain,"03769099999,03680099999,D5621,03672099999,03781099999,AR120,03772099999,03770099999"
London,2020-12-25,4.6,1.5,2.7,1.3,-1.9,-0.4,-1.6,73.8,0,0,0,,0,0,47.9,18,312.9,1030.8,53,43.1,15,1.4,1,,2020-12-25T08:05:38,2020-12-25T15:56:05,0.35,Partially cloudy,Becoming cloudy in the afternoon.,partly-cloudy-day,"03769099999,03680099999,D5621,03672099999,03781099999,03772099999,03770099999"
London,2020-12-26,10.6,1.1,6.7,10.6,-1.8,4.7,4.3,84.3,0,0,0,,0,0,64.6,41.3,226.9,1016.2,75.7,37.1,13.9,1.2,1,,2020-12-26T08:05:54,2020-12-26T15:56:50,0.38,Partially cloudy,Partly cloudy throughout the day.,partly-cloudy-day,"03769099999,03680099999,D5621,03672099999,03781099999,03772099999,03770099999"
London,2020-12-27,10.1,2.1,6.4,10.1,0.5,3.5,3.6,82.1,16.947,100,12.5,rain,0,0,81,45,235.6,977.6,52.7,23.2,18.3,1.5,1,,2020-12-27T08:06:05,2020-12-27T15:57:38,0.41,"Rain, Partially cloudy",Clearing in the afternoon with a chance of rain throughout the day.,rain,"03769099999,03680099999,D5621,03672099999,03781099999,03772099999,03770099999"
London,2020-12-28,3.6,0.6,2.4,3.1,-2.2,0.2,1.1,91.2,0.001,100,4.17,rain,0,0,32.4,15.2,9.1,974.6,77.5,12.7,16.2,1.3,1,,2020-12-28T08:06:14,2020-12-28T15:58:29,0.45,"Rain, Partially cloudy",Partly cloudy throughout the day with afternoon rain.,rain,"03769099999,03680099999,D5621,03672099999,03781099999,03772099999,03770099999"
London,2020-12-29,4.6,1.5,3,2.6,-2.1,0.4,0.7,84.9,0,0,0,,0,0,27,13.6,312,990,96.3,13.7,11.3,0.9,1,,2020-12-29T08:06:19,2020-12-29T15:59:23,0.48,Overcast,Cloudy skies throughout the day.,cloudy,"03769099999,03680099999,D5621,03672099999,03781099999,03772099999,03770099999"
London,2020-12-30,5,0,2.1,3.1,-3.4,0.1,0.4,88.8,0.001,100,4.17,rain,0,0,27.7,13.1,271.1,1002.4,64.8,19.9,24.1,2.2,1,,2020-12-30T08:06:21,2020-12-30T16:00:20,0.5,"Rain, Partially cloudy",Partly cloudy throughout the day with afternoon rain.,rain,"03769099999,03680099999,D5621,03672099999,03781099999,03772099999,03770099999"
London,2020-12-31,2.1,-1,0.7,1.6,-4.5,-1.6,-1,88.4,0,0,0,,0,0.4,23.8,10.9,317.7,1005.6,88.4,7.8,13.3,1.2,1,,2020-12-31T08:06:19,2020-12-31T16:01:20,0.55,Partially cloudy,Partly cloudy throughout the day.,partly-cloudy-day,"03769099999,03680099999,D5621,03672099999,03781099999,03772099999,03770099999"
London,2021-01-01,5,-0.5,2,3.1,-3.5,-0.1,0.7,91,0.002,100,4.17,rain,0,0.4,24.1,10.1,303.6,1011.4,98.4,4.6,9.8,0.9,0,,2021-01-01T08:06:14,2021-01-01T16:02:22,0.58,"Rain, Overcast",Cloudy skies throughout the day with late afternoon rain.,rain,"03769099999,03680099999,D5621,03672099999,03781099999,03772099999,03770099999"
London,2021-01-02,5.1,1.5,3.7,3.2,-1.3,1.6,1,82.5,0.603,100,8.33,rain,0,0,28.4,11.9,345.5,1015.8,83,19.2,14.6,1.3,1,,2021-01-02T08:06:05,2021-01-02T16:03:28,0.62,"Rain, Partially cloudy",Partly cloudy throughout the day with rain.,rain,"03769099999,03680099999,D5621,03672099999,03781099999,03772099999,03770099999"
London,2021-01-03,6,1.1,3.8,3.5,-2.3,0.9,1.6,86,1.985,100,4.17,rain,0,0,36.7,16.9,32.4,1017.4,90.3,15.6,14.7,1.3,1,,2021-01-03T08:05:54,2021-01-03T16:04:36,0.65,"Rain, Overcast",Cloudy skies throughout the day with late afternoon rain.,rain,"03769099999,03680099999,D5621,03672099999,03781099999,03772099999,03770099999"
London,2021-01-04,5.6,3.5,4.2,1.5,-0.6,0.2,1.3,81.4,0.21,100,12.5,rain,0,0,51.8,25.8,37.1,1019.2,81.9,23.8,7.3,0.6,0,,2021-01-04T08:05:38,2021-01-04T16:05:46,0.69,"Rain, Partially cloudy",Partly cloudy throughout the day with rain.,rain,"03769099999,03680099999,D5621,03672099999,03781099999,03772099999,03770099999"
London,2021-01-05,4.6,2.5,3.7,0.9,-1.7,-0.3,1,82.4,0.994,100,8.33,rain,0,0,43.9,21.2,27.2,1019.9,78,24.2,9.5,0.7,1,,2021-01-05T08:05:20,2021-01-05T16:06:59,0.73,"Rain, Partially cloudy",Partly cloudy throughout the day with rain.,rain,"03769099999,03680099999,D5621,03672099999,03781099999,03772099999,03770099999"
London,2021-01-06,5.6,2,4,3,-0.2,1.2,1.4,83,0.435,100,12.5,rain,0,0,36,17.5,24.2,1019.4,68.1,19.6,18.7,1.6,1,,2021-01-06T08:04:58,2021-01-06T16:08:15,0.75,"Rain, Partially cloudy",Partly cloudy throughout the day with a chance of rain throughout the day.,rain,"03769099999,03680099999,D5621,03672099999,03781099999,03772099999,03770099999"
London,2021-01-07,3.1,-1,1,0,-4.2,-1.8,-0.8,87.5,0,0,0,,0,0,22,12.6,294.3,1018.4,76.2,7.7,17.4,1.5,1,,2021-01-07T08:04:33,2021-01-07T16:09:32,0.8,Partially cloudy,Clearing in the afternoon.,partly-cloudy-day,"03769099999,03680099999,D5621,03672099999,03781099999,03772099999,03770099999"
London,2021-01-08,2.5,-1,0.6,2.5,-3.6,-1.2,-0.8,90.4,0,0,0,,0,0,18.4,11.1,48.6,1018.5,95.4,5.5,10.6,0.8,1,,2021-01-08T08:04:05,2021-01-08T16:10:52,0.83,Overcast,Cloudy skies throughout the day.,cloudy,"03769099999,03680099999,D5621,03672099999,03781099999,F6665,03772099999,03770099999"
London,2021-01-09,4.5,-1.2,1.1,4.1,-3.6,-0.1,-0.5,89.3,0,0,0,,0,0,19.4,9.8,352.8,1026.2,72.5,4.7,17.7,1.4,1,,2021-01-09T08:03:34,2021-01-09T16:12:14,0.87,Partially cloudy,Partly cloudy throughout the day.,partly-cloudy-day,"03769099999,03680099999,D5621,03672099999,03781099999,03772099999,03770099999"
London,2021-01-10,3.6,-1.7,1,1.4,-4.8,-1.8,-0.1,92.8,0,0,0,,0,0,22.7,11.3,264.1,1025.9,99.1,4.7,15.9,1.3,1,,2021-01-10T08:02:59,2021-01-10T16:13:38,0.9,Overcast,Cloudy skies throughout the day.,cloudy,"03769099999,03680099999,D5621,03672099999,03781099999,03772099999,03770099999"
London,2021-01-11,9,3.6,6.7,5.3,1,3.4,4.1,83.9,0,0,0,,0,0,53.8,33.2,253,1017.8,94.7,25,21.2,1.7,1,,2021-01-11T08:02:22,2021-01-11T16:15:04,0.94,Overcast,Cloudy skies throughout the day.,cloudy,"03769099999,03680099999,D5621,03672099999,03781099999,03772099999,03770099999"
London,2021-01-12,9.5,2.5,6.8,6.9,1.8,4.7,4.6,85.9,7.99,100,12.5,rain,0,0,54.7,27.7,289.4,1014,83.6,17.6,12.9,1.1,1,,2021-01-12T08:01:41,2021-01-12T16:16:32,0.97,"Rain, Partially cloudy",Partly cloudy throughout the day with a chance of rain throughout the day.,rain,"03769099999,03680099999,D5621,03672099999,03781099999,03772099999,03770099999"
London,2021-01-13,9.6,1.1,6.1,7.3,1.1,4.3,5.4,95.2,1.995,100,8.33,rain,0,0,29.2,19,256.4,1018.3,93.9,6.9,9.8,0.7,0,,2021-01-13T08:00:57,2021-01-13T16:18:02,0,"Rain, Overcast",Cloudy skies throughout the day with rain in the morning and afternoon.,rain,"03769099999,03680099999,D5621,03672099999,03781099999,AR120,03772099999,03770099999"
London,2021-01-14,9.1,2.6,5,7.2,-1.1,2.3,4.1,94.3,27.515,100,12.5,rain,0,0,33.1,16,41.3,1016.5,94.4,7.5,7,0.5,0,,2021-01-14T08:00:10,2021-01-14T16:19:34,0.04,"Rain, Overcast",Cloudy skies throughout the day with a chance of rain throughout the day.,rain,"03769099999,03680099999,D5621,03672099999,03781099999,F6665,03772099999,03770099999"
London,2021-01-15,4.1,1.1,2.4,4.1,-1.8,1,0.3,86.3,0.398,100,4.17,rain,0,0.2,25.9,13.2,357.5,1029.6,62.4,9.2,18.6,1.8,1,,2021-01-15T07:59:21,2021-01-15T16:21:07,0.07,"Rain, Partially cloudy",Partly cloudy throughout the day with early morning rain.,rain,"03769099999,03680099999,D5621,03660099999,03672099999,03781099999,D4121,03772099999,03770099999"
London,2021-01-16,7.2,1.6,4.9,5.4,-2.8,1.7,3,87.8,5.017,100,8.33,rain,0,0.5,48.2,22.4,214.3,1020,88.8,19.9,9.5,0.8,1,,2021-01-16T07:58:28,2021-01-16T16:22:41,0.11,"Rain, Partially cloudy",Partly cloudy throughout the day with rain in the morning and afternoon.,rain,"03769099999,03680099999,D5621,03672099999,03781099999,03772099999,03770099999"
London,2021-01-17,8,3.1,5.7,5.3,0.5,3,2.1,78.3,0,0,0,,0,0,45,19.6,287.4,1023.4,60.9,24.8,34,2.8,2,,2021-01-17T07:57:33,2021-01-17T16:24:18,0.14,Partially cloudy,Partly cloudy throughout the day.,partly-cloudy-day,"03769099999,03680099999,D5621,03672099999,03781099999,AR120,03772099999,03770099999"
London,2021-01-18,8.6,2.5,5.3,5.4,-0.9,2.6,3.5,88.3,0.001,100,4.17,rain,0,0,46.4,24.9,223.8,1021.2,64.8,19,25,2.1,1,,2021-01-18T07:56:35,2021-01-18T16:25:55,0.17,"Rain, Partially cloudy",Partly cloudy throughout the day with afternoon rain.,rain,"03769099999,03680099999,D5621,03672099999,03781099999,D4121,03772099999,03770099999"
London,2021-01-19,11.6,9.1,10.6,11.6,6.2,10.1,8.3,85.6,0.009,100,12.5,rain,0,0,63,31.7,227.4,1004.1,93.7,17.2,15.9,1.4,1,,2021-01-19T07:55:34,2021-01-19T16:27:34,0.2,"Rain, Overcast",Cloudy skies throughout the day with rain.,rain,"03769099999,03680099999,D5621,03672099999,03781099999,AR120,03772099999,03770099999"
London,2021-01-20,10.6,9.3,10.2,10.6,5.5,9.3,8.1,86.8,0.434,100,16.67,rain,0,0,62.8,34.8,202.2,987.5,94.5,10,6.1,0.5,0,,2021-01-20T07:54:30,2021-01-20T16:29:14,0.25,"Rain, Overcast",Cloudy skies throughout the day with a chance of rain throughout the day.,rain,"03769099999,03680099999,D5621,03672099999,03781099999,03772099999,03770099999"
London,2021-01-21,8.8,4.3,6.6,6,-0.4,3.1,2.4,74.7,3.018,100,8.33,rain,0,0,64.9,39.4,241.7,984.6,50.8,31.1,32.5,2.8,2,,2021-01-21T07:53:24,2021-01-21T16:30:55,0.27,"Rain, Partially cloudy",Partly cloudy throughout the day with rain clearing later.,rain,"03769099999,03680099999,D5621,03672099999,03781099999,03772099999,03770099999"
London,2021-01-22,7.1,0.5,4,5.7,-2.8,1.2,1.2,82.9,0.001,100,4.17,rain,0,0,28.4,16.2,247.8,992.1,29.2,26.8,31.9,2.8,2,,2021-01-22T07:52:15,2021-01-22T16:32:37,0.3,"Rain, Partially cloudy",Becoming cloudy in the afternoon with afternoon rain.,rain,"03769099999,03680099999,D5621,03672099999,03781099999,03772099999,03770099999"
London,2021-01-23,4.5,-0.2,2.1,2,-2.8,0,0,86.5,0.599,100,4.17,rain,0,0,32,15.3,289.7,995.5,57.9,21.8,24.6,2.1,1,,2021-01-23T07:51:03,2021-01-23T16:34:20,0.33,"Rain, Partially cloudy",Partly cloudy throughout the day with early morning rain.,rain,"03769099999,03680099999,D5621,03672099999,03781099999,03772099999,03770099999"
London,2021-01-24,2,-2,0.6,1.6,-4.4,-2,-0.7,91,2.993,100,4.17,snow,2.4,1.3,39.2,13.9,328.4,996.9,71.3,17.4,10.6,1.1,0,,2021-01-24T07:49:49,2021-01-24T16:36:04,0.36,"Snow, Rain, Partially cloudy",Partly cloudy throughout the day with late afternoon rain or snow.,snow,"03769099999,03680099999,D5621,03672099999,03781099999,F6665,D4121,03772099999,03770099999"
London,2021-01-25,5.1,-1.2,1.7,1.6,-3.8,-1.6,-1.7,78.2,0.201,100,12.5,rain,0,1.8,34.9,17.6,292.5,1009.5,19.9,23,35.3,3.2,2,,2021-01-25T07:48:33,2021-01-25T16:37:49,0.39,Rain,Clear conditions throughout the day with rain.,rain,"03769099999,03680099999,D5621,03672099999,03781099999,03772099999,03770099999"
London,2021-01-26,6.6,-0.5,3,4,-3.6,0.6,1.4,89.5,0.602,100,8.33,rain,0,0.7,45,21.9,205.7,1015.8,70.4,17.8,19.9,1.7,1,,2021-01-26T07:47:14,2021-01-26T16:39:35,0.43,"Rain, Partially cloudy",Partly cloudy throughout the day with rain.,rain,"03769099999,03680099999,D5621,03672099999,03781099999,03772099999,03770099999"
London,2021-01-27,9.6,6.6,8.3,8.8,4.6,6.9,7.6,95.3,1.201,100,8.33,rain,0,0.1,34.2,12.2,244.1,1011,93.7,6.2,17.9,1.5,1,,2021-01-27T07:45:53,2021-01-27T16:41:21,0.46,"Rain, Overcast",Cloudy skies throughout the day with rain.,rain,"03769099999,03680099999,D5621,03672099999,03781099999,F6665,03772099999,03770099999"
London,2021-01-28,13,8.6,10.9,13,6.9,10.5,9.2,89.7,18.561,100,16.67,rain,0,0,52.2,29.8,242.5,1001.5,89.3,15.7,24,2.1,1,,2021-01-28T07:44:30,2021-01-28T16:43:08,0.5,"Rain, Partially cloudy",Partly cloudy throughout the day with a chance of rain throughout the day.,rain,"03769099999,03680099999,D5621,03672099999,03781099999,F6665,03772099999,03770099999"
London,2021-01-29,11.1,7.2,9.5,11.1,5.1,8.1,7.1,84.9,11.984,100,12.5,rain,0,0,52.2,28.9,262.1,998.3,77.2,19.8,22,1.9,1,,2021-01-29T07:43:04,2021-01-29T16:44:55,0.52,"Rain, Partially cloudy",Partly cloudy throughout the day with a chance of rain throughout the day.,rain,"03769099999,03680099999,D5621,03672099999,03781099999,03772099999,03770099999"
London,2021-01-30,8,3.6,5.4,7.2,-1.5,1.9,3.6,88.9,12.601,100,16.67,rain,0,0,52.2,28.1,80.5,997.7,94.7,12,10,0.8,0,,2021-01-30T07:41:37,2021-01-30T16:46:43,0.56,"Rain, Overcast",Cloudy skies throughout the day with a chance of rain throughout the day.,rain,"03769099999,03680099999,D5621,03672099999,03781099999,03772099999,03770099999"
London,2021-01-31,4.1,1.6,3.1,1.3,-1.5,-0.1,0,80.5,1.001,100,4.17,rain,0,0,45,19.8,75.7,997.8,69.7,17.9,22.8,1.8,1,,2021-01-31T07:40:07,2021-01-31T16:48:32,0.6,"Rain, Partially cloudy",Partly cloudy throughout the day with late afternoon rain.,rain,"03769099999,03680099999,D5621,03672099999,03781099999,D4121,03772099999,03770099999"
London,2021-02-01,4.6,3.6,4.1,4,0.9,2,2.3,88.3,0.4,100,4.17,rain,0,0,24.8,11.6,19.2,996.8,99.6,7.4,11.3,0.9,1,,2021-02-01T07:38:35,2021-02-01T16:50:21,0.63,"Rain, Overcast",Cloudy skies throughout the day with early morning rain.,rain,"03769099999,03680099999,D5621,03672099999,03781099999,F6665,03772099999,03770099999"
London,2021-02-02,13.1,4,9.2,13.1,0.8,8.3,7.2,87.4,5.589,100,12.5,rain,0,0,46.9,24.3,208.6,994.6,87,9.8,35.1,3,2,,2021-02-02T07:37:01,2021-02-02T16:52:10,0.67,"Rain, Partially cloudy",Partly cloudy throughout the day with a chance of rain throughout the day.,rain,"03769099999,03680099999,D5621,03672099999,03781099999,03772099999,03770099999"
London,2021-02-03,10.5,6.1,8.6,10.5,3.6,7.2,5.7,81.9,1.008,100,8.33,rain,0,0,48.2,23,247.8,996.5,69.4,17.9,18.2,1.5,1,,2021-02-03T07:35:26,2021-02-03T16:53:59,0.7,"Rain, Partially cloudy",Partly cloudy throughout the day with rain.,rain,"03769099999,03680099999,D5621,03672099999,03781099999,03772099999,03770099999"
London,2021-02-04,9.1,4,7,7.4,2.6,5.7,5.9,92.7,3.994,100,8.33,rain,0,0,31.7,15,155.2,1008.2,69.9,10.7,23.9,2,2,,2021-02-04T07:33:48,2021-02-04T16:55:49,0.75,"Rain, Partially cloudy",Partly cloudy throughout the day with rain.,rain,"03769099999,03680099999,D5621,03672099999,03781099999,03772099999,03770099999"
London,2021-02-05,11.1,6.5,8.3,11.1,5.2,7.2,5.9,85.4,7.984,100,8.33,rain,0,0,29.9,15.7,195.8,1008.1,72.3,18.4,52.7,4.6,3,,2021-02-05T07:32:09,2021-02-05T16:57:39,0.78,"Rain, Partially cloudy",Partly cloudy throughout the day with rain.,rain,"03769099999,03680099999,D5621,03672099999,03781099999,03772099999,03770099999"
London,2021-02-06,8.1,5,6.8,7,1.3,5.4,5,88.7,2.192,100,12.5,rain,0,0,36.7,18.6,27.5,1006.6,86.4,13.1,30.2,2.5,2,,2021-02-06T07:30:28,2021-02-06T16:59:29,0.81,"Rain, Partially cloudy",Partly cloudy throughout the day with rain.,rain,"03769099999,03680099999,D5621,03672099999,03781099999,F6665,03772099999,03770099999"
London,2021-02-07,4.5,-0.5,1.8,0.7,-6.5,-3.4,-0.8,82.8,7.783,100,12.5,snow,2,1.3,57.6,26.7,29.8,1004.1,89.7,12.3,18.8,1.5,1,,2021-02-07T07:28:45,2021-02-07T17:01:19,0.85,"Snow, Rain, Partially cloudy",Partly cloudy throughout the day with a chance of rain or snow throughout the day.,snow,"03769099999,03680099999,D5621,03672099999,03781099999,03772099999,03770099999"
London,2021-02-08,-0.2,-1.5,-0.8,-4.7,-7.5,-6.3,-4,79.4,0,0,0,,0,9.4,55.3,26.6,41.1,1003.5,89.8,14.6,10.8,0.8,0,,2021-02-08T07:27:00,2021-02-08T17:03:09,0.88,Partially cloudy,Partly cloudy throughout the day.,partly-cloudy-day,"03769099999,03680099999,D5621,03672099999,03781099999,03772099999,03770099999"
London,2021-02-09,0.6,-1,-0.1,-4.1,-6.1,-4.8,-3.4,78.6,0,0,0,,0,13.7,51.8,22.7,71.7,1006.8,89.7,19,18.8,1.5,1,,2021-02-09T07:25:14,2021-02-09T17:04:59,0.92,Partially cloudy,Partly cloudy throughout the day.,partly-cloudy-day,"03769099999,EGWU,03680099999,EGLL,D5621,03672099999,03781099999,EGLC,03772099999,03770099999"
London,2021-02-10,2,-1.7,0.3,1.1,-5.1,-3.5,-4.8,69,0,0,0,,0,7.5,33.8,17.8,47.9,1015.8,56.1,20.8,50,4.2,2,,2021-02-10T07:23:26,2021-02-10T17:06:49,0.95,Partially cloudy,Becoming cloudy in the afternoon.,partly-cloudy-day,"03769099999,EGWU,03680099999,EGLL,D5621,03672099999,03781099999,EGLC,03772099999,03770099999"
London,2021-02-11,0.3,-2.9,-0.9,-0.2,-7.2,-5.1,-4.9,74.9,0,0,0,,0,6.3,41.8,26.3,97.7,1027,78.4,10.3,43.5,3.8,3,,2021-02-11T07:21:37,2021-02-11T17:08:39,0,Partially cloudy,Partly cloudy throughout the day.,partly-cloudy-day,"03769099999,EGWU,03680099999,EGLL,D5621,03768399999,03672099999,03781099999,03768099999,EGLC,03772099999,03770099999"
London,2021-02-12,1,-1.4,-0.5,-0.4,-8.7,-5.9,-6.7,62.9,0,0,0,,0,4.8,51.8,36,91,1030.5,89.7,10,48.6,4.1,3,,2021-02-12T07:19:46,2021-02-12T17:10:29,0.02,Partially cloudy,Partly cloudy throughout the day.,partly-cloudy-day,"EGWU,EGLL,D5621,EGLC"
London,2021-02-13,1.6,-4,-0.9,-2.2,-10.7,-6.2,-8.7,56.4,0,0,0,,0,2.2,47.9,24.6,123.5,1032.4,68.9,21.8,63.5,5.4,3,,2021-02-13T07:17:54,2021-02-13T17:12:19,0.05,Partially cloudy,Partly cloudy throughout the day.,partly-cloudy-day,"EGWU,03769099999,EGLL,03680099999,D5621,F6665,03672099999,03781099999,EGLC,03772099999,03770099999"
London,2021-02-14,4.6,1.1,2.9,0.5,-3.5,-1.6,-4.2,59.9,0.598,100,4.17,rain,0,0.9,52.9,24.5,159,1025.6,78.4,23.7,30.9,2.7,2,,2021-02-14T07:16:00,2021-02-14T17:14:09,0.09,"Rain, Partially cloudy",Partly cloudy throughout the day with late afternoon rain.,rain,"03769099999,03680099999,D5621,03672099999,03781099999,03772099999,03770099999"
London,2021-02-15,12.6,4.6,8.7,12.6,0.8,7.2,6.7,87.5,3.003,100,12.5,rain,0,0.1,48.2,20.5,199.1,1018.1,89.9,11.5,27.5,2.4,2,,2021-02-15T07:14:05,2021-02-15T17:15:59,0.12,"Rain, Partially cloudy",Partly cloudy throughout the day with a chance of rain throughout the day.,rain,"03769099999,03680099999,D5621,03672099999,03781099999,03772099999,03770099999"
London,2021-02-16,10.5,7.6,9.5,10.5,4.9,7.9,7.2,85.4,1.207,100,12.5,rain,0,0,47.2,23.7,208.8,1009.9,74.7,16.3,20.4,1.9,1,,2021-02-16T07:12:09,2021-02-16T17:17:48,0.15,"Rain, Partially cloudy",Partly cloudy throughout the day with rain.,rain,"03769099999,03680099999,D5621,03672099999,03781099999,03772099999,03770099999"
London,2021-02-17,11.5,7.6,9.9,11.5,4.8,8.8,7.6,85.2,0.407,100,12.5,rain,0,0,56.9,27.7,207.4,1009.8,86.7,12.1,27.4,2.3,1,,2021-02-17T07:10:11,2021-02-17T17:19:37,0.18,"Rain, Partially cloudy",Partly cloudy throughout the day with rain.,rain,"03769099999,03680099999,D5621,03672099999,03781099999,03772099999,03770099999"
London,2021-02-18,11.1,6,8.9,11.1,3.1,7.2,4.3,73,1.011,100,12.5,rain,0,0,51.8,27.4,213.1,1003.7,39.7,25.4,35,3.1,2,,2021-02-18T07:08:13,2021-02-18T17:21:27,0.22,"Rain, Partially cloudy",Partly cloudy throughout the day with a chance of rain throughout the day.,rain,"03769099999,03680099999,D5621,03672099999,03781099999,F6665,03772099999,03770099999"
London,2021-02-19,12,5.5,8.8,12,2.8,7,5.5,79.7,0.3,100,12.5,rain,0,0,56.5,27.2,183.3,1008.1,60.7,14.7,31.9,2.9,2,,2021-02-19T07:06:13,2021-02-19T17:23:15,0.25,"Rain, Partially cloudy",Partly cloudy throughout the day with rain.,rain,"03769099999,EGWU,03680099999,EGLL,D5621,03672099999,03781099999,F6665,EGLC,03772099999,03770099999"
London,2021-02-20,15.5,11.6,13.4,15.5,11.6,13.4,6.5,63.3,0.3,100,12.5,rain,0,0,57.2,24.1,182,1003.3,82.7,18.2,57.3,4.9,3,,2021-02-20T07:04:12,2021-02-20T17:25:04,0.28,"Rain, Partially cloudy",Partly cloudy throughout the day with rain clearing later.,rain,"EGWU,03769099999,EGLL,03680099999,D5621,03660099999,03672099999,03781099999,F6665,EGLC,03770099999"
London,2021-02-21,14.1,10.5,12,14.1,10.5,12,7.6,74.8,0.001,100,4.17,rain,0,0,41.8,20.1,179.5,1008.3,72.5,18.4,40.7,3.6,2,,2021-02-21T07:02:10,2021-02-21T17:26:52,0.31,"Rain, Partially cloudy",Partly cloudy throughout the day with late afternoon rain.,rain,"03769099999,EGWU,EGLL,03882099999,03672099999,03781099999,03684099999,03772099999,03680099999,D5621,03660099999,EGLC,03770099999"
London,2021-02-22,11.5,8.1,9.9,11.5,7.5,9.7,7.7,86.3,0.799,100,4.17,rain,0,0,31.3,13,209.7,1014.7,78.1,13.7,19.8,1.8,1,,2021-02-22T07:00:07,2021-02-22T17:28:40,0.34,"Rain, Partially cloudy",Partly cloudy throughout the day with late afternoon rain.,rain,"03769099999,03680099999,D5621,03672099999,03781099999,03772099999,03770099999"
London,2021-02-23,14,6.1,10.7,14,4,9.8,5.9,74.2,0,0,0,,0,0,54,34,200.3,1022.9,67.1,18.8,74.1,6.3,4,,2021-02-23T06:58:03,2021-02-23T17:30:28,0.38,Partially cloudy,Partly cloudy throughout the day.,partly-cloudy-day,"03769099999,03680099999,D5621,03672099999,03781099999,03768099999,03761099999,03684099999,EGLC,03772099999,03770099999"
London,2021-02-24,16,11.5,13.3,16,11.5,13.3,7.4,67.4,0,0,0,,0,0,55.1,26.1,198.4,1022.3,56.9,28.2,61,5.3,3,,2021-02-24T06:55:58,2021-02-24T17:32:16,0.41,Partially cloudy,Partly cloudy throughout the day.,partly-cloudy-day,"03769099999,03680099999,D5621,03672099999,03781099999,03772099999,03770099999"
London,2021-02-25,13,8,10.7,13,6.5,10.2,5.6,71.2,0.198,100,4.17,rain,0,0,43.2,21.2,265,1026.6,66.5,26.3,31.3,2.8,1,,2021-02-25T06:53:52,2021-02-25T17:34:03,0.44,"Rain, Partially cloudy",Partly cloudy throughout the day with afternoon rain.,rain,"03769099999,03680099999,D5621,03672099999,03781099999,03772099999,03770099999"
London,2021-02-26,12.6,1.6,7.2,12.6,1.6,7.1,1.2,68.3,0,0,0,,0,0,21.6,12.3,314.1,1037.1,3.9,25.6,75.1,6.5,4,,2021-02-26T06:51:45,2021-02-26T17:35:50,0.47,Clear,Clear conditions throughout the day.,clear-day,"03769099999,03680099999,D5621,03672099999,03781099999,03772099999,03770099999"
London,2021-02-27,13,2,7,13,2,6.8,2.7,76,0.001,100,4.17,rain,0,0,21.2,10.7,56.6,1040.8,6.7,20.8,75.3,6.4,4,,2021-02-27T06:49:38,2021-02-27T17:37:37,0.5,Rain,Clear conditions throughout the day with afternoon rain.,rain,"03769099999,03680099999,D5621,03672099999,03781099999,03772099999,03770099999"
London,2021-02-28,10,4,6.3,10,1.3,4.4,3.4,82.4,0,0,0,,0,0,34.6,16,65.6,1037,37.8,11,39.8,3.4,2,,2021-02-28T06:47:29,2021-02-28T17:39:23,0.54,Partially cloudy,Partly cloudy throughout the day.,partly-cloudy-day,"03769099999,03680099999,D5621,03672099999,03781099999,03772099999,03770099999"
London,2021-03-01,10.1,4.6,6.4,10.1,1.8,3.8,3.5,82.5,0,0,0,,0,0,36,18.1,73.3,1031.8,71.3,7.1,52.1,4.4,3,,2021-03-01T06:45:20,2021-03-01T17:41:10,0.58,Partially cloudy,Clearing in the afternoon.,partly-cloudy-day,"03769099999,03680099999,D5621,03672099999,03781099999,F6665,03772099999,03770099999"
London,2021-03-02,9,4.5,5.8,7.4,1.9,3.9,3.4,84.6,0,0,0,,0,0,25.2,11.9,53.6,1029.8,69.2,5,35.5,3.1,2,,2021-03-02T06:43:10,2021-03-02T17:42:55,0.61,Partially cloudy,Partly cloudy throughout the day.,partly-cloudy-day,"03769099999,03680099999,D5621,03672099999,03781099999,03772099999,03770099999"
London,2021-03-03,8.1,4.1,5.9,7.7,2.1,4.7,4.9,93.1,8.961,100,4.17,rain,0,0,20.2,8.4,77.7,1027.5,94,2.2,20.5,1.7,1,,2021-03-03T06:41:00,2021-03-03T17:44:41,0.65,"Rain, Overcast",Cloudy skies throughout the day with late afternoon rain.,rain,"03769099999,03680099999,D5621,03672099999,03781099999,D4121,03772099999,03770099999"
London,2021-03-04,6.2,4.5,5.4,5,1.5,3,2.9,84.2,2,100,12.5,rain,0,0,31,14.8,28.8,1024.9,96.9,16.7,24.6,2,1,,2021-03-04T06:38:49,2021-03-04T17:46:26,0.68,"Rain, Overcast",Cloudy skies throughout the day with a chance of rain throughout the day.,rain,"03769099999,03680099999,D5621,03672099999,03781099999,03772099999,03770099999"
London,2021-03-05,6.5,2.5,4.8,3.6,-0.6,1.8,-1.8,63.4,0.001,100,4.17,rain,0,0,44.3,19.7,47.2,1031.6,79.4,30.3,54.2,4.5,2,,2021-03-05T06:36:37,2021-03-05T17:48:11,0.72,"Rain, Partially cloudy",Partly cloudy throughout the day with early morning rain.,rain,"03769099999,03680099999,D5621,03672099999,03781099999,03772099999,03770099999"
London,2021-03-06,6.1,3,4.5,3.9,1.4,2.7,-1,68.5,0,0,0,,0,0,29.2,14.6,58.7,1033.6,86.1,27.4,41,3.4,2,,2021-03-06T06:34:25,2021-03-06T17:49:56,0.75,Partially cloudy,Partly cloudy throughout the day.,partly-cloudy-day,"03769099999,03680099999,D5621,03672099999,03781099999,03772099999,03770099999"
London,2021-03-07,6.6,1.6,3.9,5.1,1.5,3,-3.2,60.6,0,0,0,,0,0,22.3,10.3,23.6,1027.5,59.8,20,48.3,4.2,2,,2021-03-07T06:32:12,2021-03-07T17:51:40,0.79,Partially cloudy,Partly cloudy throughout the day.,partly-cloudy-day,"03769099999,03680099999,D5621,03672099999,03781099999,03772099999,03770099999"
London,2021-03-08,10,0,5.2,10,0,4.4,0.1,70.4,0,0,0,,0,0,21.6,11.2,257.4,1023.7,62.1,13.4,62.5,5.4,3,,2021-03-08T06:29:58,2021-03-08T17:53:25,0.82,Partially cloudy,Partly cloudy throughout the day.,partly-cloudy-day,"03769099999,03680099999,D5621,03672099999,03781099999,03772099999,03770099999"
London,2021-03-09,13.6,3.1,7.8,13.6,1.1,6.2,1.2,64.6,0,0,0,,0,0,34.9,20.1,261.2,1020,38.1,21.3,92.2,7.7,5,,2021-03-09T06:27:45,2021-03-09T17:55:09,0.86,Partially cloudy,Partly cloudy throughout the day.,partly-cloudy-day,"03769099999,03680099999,D5621,03672099999,03781099999,03772099999,03770099999"
London,2021-03-10,11.1,6.6,8.1,11.1,3.3,5,5.6,84,1.006,100,4.17,rain,0,0,67.3,32.9,210.1,1007.4,90.5,8.9,21.8,1.8,1,,2021-03-10T06:25:30,2021-03-10T17:56:52,0.9,"Rain, Overcast",Cloudy skies throughout the day with afternoon rain.,rain,"03769099999,03680099999,D5621,03672099999,03781099999,03772099999,03770099999"
London,2021-03-11,12.1,6,9.9,12.1,1.7,8.4,3.9,66.5,0.632,100,16.67,rain,0,0,78.5,44.2,248.3,996.3,62,21.6,84.1,7.3,4,,2021-03-11T06:23:16,2021-03-11T17:58:36,0.93,"Rain, Partially cloudy",Partly cloudy throughout the day with a chance of rain throughout the day.,rain,"03769099999,03680099999,D5621,03672099999,03781099999,03772099999,03770099999"
London,2021-03-12,11.1,5,7.7,11.1,0.9,4.7,3,72.7,2.003,100,8.33,rain,0,0,72,35.2,240.4,1002.1,55.9,22,73.6,6.5,3,,2021-03-12T06:21:01,2021-03-12T18:00:19,0.97,"Rain, Partially cloudy",Partly cloudy throughout the day with rain in the morning and afternoon.,rain,"03769099999,03680099999,D5621,03672099999,03781099999,03772099999,03770099999"
London,2021-03-13,10.6,4.6,7.2,10.6,0.3,3.3,1.6,68,4.8,100,12.5,rain,0,0,77.4,41,261.1,995.7,64.9,27.6,76.7,6.7,4,,2021-03-13T06:18:45,2021-03-13T18:02:02,0,"Rain, Partially cloudy",Partly cloudy throughout the day with rain.,rain,"03769099999,03680099999,D5621,03672099999,03781099999,03772099999,03770099999"
London,2021-03-14,10.6,5.1,8,10.6,1.5,5.3,3.3,73.3,0.202,100,8.33,rain,0,0,52.6,27.1,278,1012.9,70.8,25.7,65.9,5.7,4,,2021-03-14T06:16:29,2021-03-14T18:03:45,0.03,"Rain, Partially cloudy",Partly cloudy throughout the day with rain.,rain,"03769099999,03680099999,D5621,03672099999,03781099999,03772099999,03770099999"
London,2021-03-15,11,8.1,9.6,11,5.1,8.2,4.7,71.3,0.8,100,12.5,rain,0,0,46.4,21.6,318.5,1020.3,68.5,24.1,58.1,4.9,2,,2021-03-15T06:14:13,2021-03-15T18:05:27,0.07,"Rain, Partially cloudy",Partly cloudy throughout the day with rain.,rain,"03769099999,03680099999,D5621,03672099999,03781099999,03772099999,03770099999"
London,2021-03-16,14.5,7.5,10.1,14.5,5.3,9,5.8,74.6,0.2,100,4.17,rain,0,0,45,23.5,328.6,1027.4,78.2,21.7,54.1,4.7,3,,2021-03-16T06:11:57,2021-03-16T18:07:10,0.1,"Rain, Partially cloudy",Partly cloudy throughout the day with afternoon rain.,rain,"03769099999,03680099999,D5621,03672099999,03781099999,03772099999,03770099999"
London,2021-03-17,10.1,4.5,7.8,10.1,2.6,5.9,3.2,72.9,1.994,100,4.17,rain,0,0,37.1,16.3,352.2,1033,45.3,16.7,55.8,4.8,3,,2021-03-17T06:09:41,2021-03-17T18:08:52,0.13,"Rain, Partially cloudy",Partly cloudy throughout the day with late afternoon rain.,rain,"03769099999,03680099999,D5621,03660099999,03672099999,03781099999,03772099999,03770099999"
London,2021-03-18,9.6,5.5,7.9,8.3,3.6,5.9,4.6,80.1,0,0,0,,0,0,44.6,25.1,352.6,1028.7,83.7,13.4,39,3.3,1,,2021-03-18T06:07:24,2021-03-18T18:10:34,0.17,Partially cloudy,Partly cloudy throughout the day.,partly-cloudy-day,"03769099999,EGWU,03680099999,EGLL,D5621,03768399999,03672099999,03781099999,EGLC,03772099999,03770099999"
London,2021-03-19,11.1,6.1,8.2,11.1,3.3,6.4,2.5,68.7,0.402,100,4.17,rain,0,0,44.6,20.2,40,1028,59.6,29.4,112.9,9.8,6,,2021-03-19T06:05:08,2021-03-19T18:12:16,0.2,"Rain, Partially cloudy",Partly cloudy throughout the day with early morning rain.,rain,"03769099999,03680099999,D5621,03672099999,03781099999,03772099999,03770099999"
London,2021-03-20,10.6,5.1,8.1,10.6,3.9,7.4,4,75.2,0,0,0,,0,0,28.4,14.9,317.6,1031,86.2,23,40.3,3.3,1,,2021-03-20T06:02:51,2021-03-20T18:13:58,0.23,Partially cloudy,Partly cloudy throughout the day.,partly-cloudy-day,"03769099999,03680099999,D5621,03672099999,03781099999,F6665,03772099999,03770099999"
London,2021-03-21,11,5.5,8.8,11,5.5,7.8,3.3,69,0,0,0,,0,0,32.8,18.7,14,1028.6,76,26.7,78.2,6.8,4,,2021-03-21T06:00:34,2021-03-21T18:15:39,0.25,Partially cloudy,Partly cloudy throughout the day.,partly-cloudy-day,"03769099999,03680099999,D5621,03672099999,03781099999,F6665,03772099999,03770099999"
London,2021-03-22,14.5,6.1,9.5,14.5,5.3,9.2,3.3,66.2,0,0,0,,0,0,24.8,12.9,271.8,1026.4,48.7,21.5,111.4,9.5,5,,2021-03-22T05:58:17,2021-03-22T18:17:21,0.3,Partially cloudy,Clearing in the afternoon.,partly-cloudy-day,"03769099999,03680099999,D5621,03672099999,03781099999,F4685,03772099999,03770099999"
London,2021-03-23,13.5,4.1,8.3,13.5,4.1,7.6,3.5,73.2,0,0,0,,0,0,41,22.3,230.6,1024.2,43.8,14.8,83.3,7.1,3,,2021-03-23T05:56:00,2021-03-23T18:19:02,0.33,Partially cloudy,Partly cloudy throughout the day.,partly-cloudy-day,"03769099999,03680099999,D5621,03672099999,03781099999,D4121,03772099999,03770099999"
London,2021-03-24,13,4,8.9,13,2.5,8.1,5.3,79.1,0,0,0,,0,0,38.2,19.9,224.2,1020.9,67.6,12,68.8,5.9,3,,2021-03-24T05:53:43,2021-03-24T18:20:43,0.36,Partially cloudy,Partly cloudy throughout the day.,partly-cloudy-day,"03769099999,03680099999,D5621,03672099999,03781099999,F6665,03772099999,03770099999"
London,2021-03-25,12,4.1,8.9,12,2.1,7.8,6,82.3,1.986,100,4.17,rain,0,0,50.4,26.2,222.2,1018.4,50.5,18.7,76.7,6.4,3,,2021-03-25T05:51:26,2021-03-25T18:22:24,0.39,"Rain, Partially cloudy",Partly cloudy throughout the day with late afternoon rain.,rain,"03769099999,03680099999,D5621,03672099999,03781099999,F6665,03772099999,03770099999"
London,2021-03-26,12.6,5.6,9.3,12.6,1.5,7.4,5.6,78.2,3.003,100,8.33,rain,0,0,64.8,33.8,220.4,1010.8,70.8,24.5,53,4.6,3,,2021-03-26T05:49:09,2021-03-26T18:24:05,0.43,"Rain, Partially cloudy",Partly cloudy throughout the day with rain.,rain,"03769099999,03680099999,D5621,03672099999,03781099999,D4121,03772099999,03770099999"
London,2021-03-27,11.6,3.6,7.8,11.6,-0.5,5.5,1.9,67.4,0.599,100,8.33,rain,0,0,54,30.2,248.5,1020.5,42.9,27.1,116.3,10,5,,2021-03-27T05:46:52,2021-03-27T18:25:46,0.46,"Rain, Partially cloudy",Becoming cloudy in the afternoon with rain clearing later.,rain,"03769099999,03680099999,D5621,03672099999,03781099999,D4121,03772099999,03770099999"
London,2021-03-28,12.1,9.1,10.7,12.1,5.9,9.7,6.2,74,0,0,0,,0,0,54.3,33.5,226.7,1022.8,87.8,19.7,56.5,4.8,2,,2021-03-28T06:44:35,2021-03-28T19:27:27,0.5,Partially cloudy,Partly cloudy throughout the day.,partly-cloudy-day,"03769099999,03680099999,D5621,03672099999,03781099999,F6665,03772099999,03770099999"
London,2021-03-29,20.1,8.2,13,20.1,6.9,12.9,6.3,66.6,0,0,0,,0,0,47.2,24.8,227.9,1026.5,51.3,22.8,130.6,11.4,6,,2021-03-29T06:42:19,2021-03-29T19:29:08,0.52,Partially cloudy,Partly cloudy throughout the day.,partly-cloudy-day,"03769099999,03680099999,D5621,03672099999,03781099999,03772099999,03770099999"
London,2021-03-30,24.1,4.6,13.4,24.1,4.6,13.2,4.2,61.2,0,0,0,,0,0,23.4,13.8,195.1,1027.5,10,24.4,142.9,12.3,6,,2021-03-30T06:40:02,2021-03-30T19:30:49,0.56,Clear,Clear conditions throughout the day.,clear-day,"03769099999,03680099999,D5621,03672099999,03781099999,03772099999,03770099999"
London,2021-03-31,20.6,8.1,14.4,20.6,8.1,14.4,7.4,64.2,0,0,0,,0,0,22.3,11.1,183.4,1020.5,45.9,21.5,77.1,6.6,3,,2021-03-31T06:37:46,2021-03-31T19:32:29,0.59,Partially cloudy,Partly cloudy throughout the day.,partly-cloudy-day,"03769099999,03680099999,D5621,03672099999,03781099999,F6665,03772099999,03770099999"
London,2021-04-01,14.6,7,11.1,14.6,3.9,10.1,6.1,71.6,0,0,0,,0,0,47.5,22.7,51.1,1024.2,51.2,17.3,112.5,9.7,4,,2021-04-01T06:35:30,2021-04-01T19:34:10,0.63,Partially cloudy,Partly cloudy throughout the day.,partly-cloudy-day,"03769099999,03680099999,D5621,03672099999,03781099999,03772099999,03770099999"
London,2021-04-02,10.5,5.6,7.4,10.5,2,4.5,0.8,62.7,0,0,0,,0,0,44.3,22.8,46.6,1030,86.5,30.7,85.9,7.3,3,,2021-04-02T06:33:14,2021-04-02T19:35:50,0.66,Partially cloudy,Partly cloudy throughout the day.,partly-cloudy-day,"03769099999,03680099999,D5621,03672099999,03781099999,03772099999,03770099999"
London,2021-04-03,9.6,6.1,7.6,7,3,4.8,1,63.3,0,0,0,,0,0,45,20.7,36.5,1031.9,90.3,21.3,70.6,6,2,,2021-04-03T06:30:59,2021-04-03T19:37:31,0.7,Overcast,Cloudy skies throughout the day.,cloudy,"03769099999,03680099999,D5621,03672099999,03781099999,03772099999,03770099999"
London,2021-04-04,15.1,5,9.2,15.1,4,8.9,1.7,60.4,0,0,0,,0,0,32.4,17.3,284,1025.9,40.7,19.9,138.5,11.8,6,,2021-04-04T06:28:44,2021-04-04T19:39:11,0.75,Partially cloudy,Clearing in the afternoon.,partly-cloudy-day,"03769099999,03680099999,D5621,03672099999,03781099999,03772099999,03770099999"
London,2021-04-05,9.6,4.1,6.9,7.3,0.4,3.7,-3.7,50.7,0,0,0,,0,0,53.6,27.2,333.4,1018.2,40.7,28.9,106.1,9.3,4,,2021-04-05T06:26:29,2021-04-05T19:40:52,0.77,Partially cloudy,Partly cloudy throughout the day.,partly-cloudy-day,"03769099999,03680099999,D5621,03672099999,03781099999,03772099999,03770099999"
London,2021-04-06,7.6,1.1,4,4.1,-2.3,0.7,-5.4,52.4,0,0,0,,0,0,55.1,23.4,320.1,1020.5,28.4,34.2,140.6,12.3,8,,2021-04-06T06:24:15,2021-04-06T19:42:32,0.8,Partially cloudy,Partly cloudy throughout the day.,partly-cloudy-day,"03769099999,03680099999,D5621,03672099999,03781099999,03772099999,03770099999"
London,2021-04-07,7.1,-1,3.6,3.8,-4.5,0.5,-4,59.9,0,0,0,,0,0,42.5,21.8,295.7,1023.6,47.2,33.2,89.1,7.9,4,,2021-04-07T06:22:01,2021-04-07T19:44:13,0.84,Partially cloudy,Partly cloudy throughout the day.,partly-cloudy-day,"03769099999,03680099999,D5621,03672099999,03781099999,03772099999,03770099999"
London,2021-04-08,12.1,3.6,7.8,12.1,1.3,6.2,0.3,59.1,0,0,0,,0,0,42.8,23.9,236.1,1021.6,78.7,31.7,107,9.4,5,,2021-04-08T06:19:48,2021-04-08T19:45:53,0.87,Partially cloudy,Partly cloudy throughout the day.,partly-cloudy-day,"03769099999,03680099999,D5621,03672099999,03781099999,03772099999,03770099999"
London,2021-04-09,14.5,5.6,9.3,14.5,3.7,8.1,3,66.1,0.001,100,4.17,rain,0,0,33.5,17,254,1013.5,57.6,28.6,130,11.3,6,,2021-04-09T06:17:35,2021-04-09T19:47:34,0.91,"Rain, Partially cloudy",Partly cloudy throughout the day with late afternoon rain.,rain,"03769099999,03680099999,D5621,03672099999,03781099999,03772099999,03770099999"
London,2021-04-10,8.1,5.1,7,6.7,2.3,4.7,1.4,67.5,0.001,100,4.17,rain,0,0,43.6,19.4,60.4,1013.1,87.5,24.7,44.5,4,1,,2021-04-10T06:15:23,2021-04-10T19:49:14,0.94,"Rain, Partially cloudy",Partly cloudy throughout the day with early morning rain.,rain,"03769099999,03680099999,D5621,03672099999,03781099999,03772099999,03770099999"
London,2021-04-11,8.5,2.5,5.1,6.2,-0.4,2.7,-2.1,61.1,0.001,100,4.17,rain,0,0,38.9,18.3,0.6,1019,46.8,31.9,138.3,12.1,7,,2021-04-11T06:13:11,2021-04-11T19:50:54,0.98,"Rain, Partially cloudy",Partly cloudy throughout the day with late afternoon rain.,rain,"03769099999,03680099999,D5621,03672099999,03781099999,03772099999,03770099999"
London,2021-04-12,10.5,1,5.1,10.5,-0.7,4.3,-2.6,61.5,0.009,100,8.33,rain,0,0.1,27.7,12.9,295.6,1028.5,44.3,25.3,99.5,8.5,4,,2021-04-12T06:11:00,2021-04-12T19:52:35,0,"Rain, Partially cloudy",Partly cloudy throughout the day with rain.,rain,"03769099999,03680099999,D5621,03672099999,03781099999,03772099999,03770099999"
London,2021-04-13,12.1,0.1,6.4,12.1,0.1,6.3,-0.9,61.9,0,0,0,,0,0,27.4,16.1,241.3,1032.5,30.8,26.4,126,10.9,7,,2021-04-13T06:08:49,2021-04-13T19:54:15,0.04,Partially cloudy,Partly cloudy throughout the day.,partly-cloudy-day,"03769099999,03680099999,D5621,03672099999,03781099999,03772099999,03770099999"
London,2021-04-14,12,5.6,8.3,12,3.9,8,-0.7,54.9,0,0,0,,0,0,36.4,16.5,54,1032.6,43.3,26,141,12.2,7,,2021-04-14T06:06:39,2021-04-14T19:55:56,0.08,Partially cloudy,Partly cloudy throughout the day.,partly-cloudy-day,"03769099999,03680099999,D5621,03672099999,03781099999,F6665,03772099999,03770099999"
London,2021-04-15,9.1,3,6.5,6.8,0.9,4.5,0.4,65.6,0.001,100,4.17,rain,0,0,40,18.4,49.3,1033.1,43.4,31.8,108.4,9.6,5,,2021-04-15T06:04:30,2021-04-15T19:57:36,0.11,"Rain, Partially cloudy",Partly cloudy throughout the day with late afternoon rain.,rain,"03769099999,03680099999,D5621,03660099999,03672099999,03781099999,03772099999,03770099999"
London,2021-04-16,11.1,3,6.9,11.1,1.3,5.9,-0.5,62.4,0,0,0,,0,0,26.6,13.1,47.3,1031.1,30.9,24.3,120.2,10.3,6,,2021-04-16T06:02:22,2021-04-16T19:59:16,0.14,Partially cloudy,Partly cloudy throughout the day.,partly-cloudy-day,"03769099999,03680099999,D5621,03660099999,03672099999,03781099999,03772099999,03770099999"
London,2021-04-17,13.1,3.1,8.2,13.1,3.1,7.7,-1.9,51.1,0,0,0,,0,0,28.8,16.1,57.6,1029,15.8,28.8,176.5,15.3,7,,2021-04-17T06:00:14,2021-04-17T20:00:57,0.18,Clear,Clear conditions throughout the day.,clear-day,"03769099999,03680099999,D5621,03672099999,03781099999,03772099999,03770099999"
London,2021-04-18,15.1,2,9.3,15.1,2,9,-1.6,50.3,0,0,0,,0,0,20.2,11.3,73.1,1025.1,29.3,30,181.6,15.8,7,,2021-04-18T05:58:07,2021-04-18T20:02:37,0.21,Partially cloudy,Partly cloudy throughout the day.,partly-cloudy-day,"03769099999,03680099999,D5621,03672099999,03781099999,03772099999,03770099999"
London,2021-04-19,16.6,4.1,10.5,16.6,4.1,10.4,3.1,63.6,0,0,0,,0,0,20.5,14.5,123.1,1021.3,9.3,18.9,173.9,15.1,7,,2021-04-19T05:56:01,2021-04-19T20:04:17,0.24,Clear,Clear conditions throughout the day.,clear-day,"03769099999,03680099999,D5621,03672099999,03781099999,03772099999,03770099999"
London,2021-04-20,16,5.6,11.3,16,5.6,11.3,4.9,67,0,0,0,,0,0,22.3,13.7,77.5,1017.9,15.9,13.5,143.1,12.4,7,,2021-04-20T05:53:56,2021-04-20T20:05:57,0.25,Clear,Clear conditions throughout the day.,clear-day,"03769099999,03680099999,D5621,03672099999,03781099999,03772099999,03770099999"
London,2021-04-21,13.6,7,10,13.6,4.3,9.6,4.9,71.3,0,0,0,,0,0,46.4,22,71.8,1020.9,46.4,13.3,113.8,9.7,5,,2021-04-21T05:51:52,2021-04-21T20:07:37,0.31,Partially cloudy,Partly cloudy throughout the day.,partly-cloudy-day,"03769099999,03680099999,D5621,03660099999,03672099999,03781099999,03772099999,03770099999"
London,2021-04-22,13.6,4,8.5,13.6,1.9,7,1,60.6,0,0,0,,0,0,38.2,20.1,82.8,1026.9,4,23.2,178.1,15.3,7,,2021-04-22T05:49:48,2021-04-22T20:09:17,0.34,Clear,Clear conditions throughout the day.,clear-day,"03769099999,03680099999,D5621,03672099999,03781099999,03772099999,03770099999"
London,2021-04-23,15.2,4.1,9.5,15.2,2.7,8.5,1.6,61.6,0,0,0,,0,0,40,21.1,91.8,1028.5,15.9,22.8,184,15.8,7,,2021-04-23T05:47:46,2021-04-23T20:10:57,0.38,Clear,Clear conditions throughout the day.,clear-day,"03769099999,03680099999,D5621,03672099999,03781099999,03772099999,03770099999"
London,2021-04-24,16.6,5.5,10.7,16.6,4.2,9.9,2.3,58.5,0,0,0,,0,0,46.4,23.2,81.1,1027.4,7.8,25.1,183.3,15.9,7,,2021-04-24T05:45:45,2021-04-24T20:12:37,0.41,Clear,Clear conditions throughout the day.,clear-day,"03769099999,03680099999,D5621,03672099999,03781099999,03772099999,03770099999"
London,2021-04-25,13.6,5.5,8.9,13.6,2.4,7,2.3,64.4,0,0,0,,0,0,51.8,25.5,69.6,1028,33.6,23.9,130.5,11.4,6,,2021-04-25T05:43:45,2021-04-25T20:14:16,0.44,Partially cloudy,Partly cloudy throughout the day.,partly-cloudy-day,"03769099999,03680099999,D5621,03672099999,03781099999,03772099999,03770099999"
London,2021-04-26,13.1,5.6,8.1,13.1,2.1,6,0.2,58,0,0,0,,0,0,40,20.2,65.2,1021.6,56.4,30.4,150.2,13,7,,2021-04-26T05:41:45,2021-04-26T20:15:56,0.48,Partially cloudy,Clearing in the afternoon.,partly-cloudy-day,"03769099999,03680099999,D5621,03672099999,03781099999,03772099999,03770099999"
London,2021-04-27,16.5,2.1,9.8,16.5,2.1,9.6,0.4,57.2,0,0,0,,0,0,22,15.2,95.8,1010.4,33.6,20.9,159.4,14,7,,2021-04-27T05:39:47,2021-04-27T20:17:35,0.5,Partially cloudy,Partly cloudy throughout the day.,partly-cloudy-day,"03769099999,03680099999,D5621,03672099999,03781099999,03772099999,03770099999"
London,2021-04-28,12.5,6.6,9.2,12.5,4.3,7.9,2.3,62.7,2,100,4.17,rain,0,0,55.4,22.2,52.3,1006.2,74.1,18.1,56,4.8,3,,2021-04-28T05:37:51,2021-04-28T20:19:14,0.54,"Rain, Partially cloudy",Partly cloudy throughout the day with late afternoon rain.,rain,"03769099999,03680099999,D5621,03672099999,03781099999,03772099999,03770099999"
London,2021-04-29,11.6,4.6,8.3,11.6,1.9,6.8,0.2,57.5,0.019,100,4.17,rain,0,0,32.4,16.8,356.9,1011.1,60.2,30.3,118.7,10.3,5,,2021-04-29T05:35:55,2021-04-29T20:20:53,0.58,"Rain, Partially cloudy",Partly cloudy throughout the day with early morning rain.,rain,"03769099999,03680099999,D5621,03672099999,03781099999,03772099999,03770099999"
London,2021-04-30,12.5,4.6,8.3,12.5,3.7,7.7,0.9,61.3,0,0,0,,0,0,25.9,14.5,342.2,1015,57.3,28.3,127.7,10.9,6,,2021-04-30T05:34:01,2021-04-30T20:22:31,0.61,Partially cloudy,Partly cloudy throughout the day.,partly-cloudy-day,"03769099999,03680099999,D5621,03672099999,03781099999,D4121,03772099999,03770099999"
London,2021-05-01,13.1,4.5,8.6,13.1,3.5,8.1,1.5,63.1,0.198,100,4.17,rain,0,0,27.4,15.6,12.8,1016.3,41.3,23,115.5,9.9,5,,2021-05-01T05:32:08,2021-05-01T20:24:09,0.65,"Rain, Partially cloudy",Partly cloudy throughout the day with early morning rain.,rain,"03769099999,03680099999,D5621,03672099999,03781099999,F6665,03772099999,03770099999"
London,2021-05-02,14.6,4.1,9.3,14.6,4,9.1,1.7,61.8,0.204,100,12.5,rain,0,0,28.4,16.4,253.8,1020.3,54.6,18.9,95.9,8.3,5,,2021-05-02T05:30:16,2021-05-02T20:25:47,0.68,"Rain, Partially cloudy",Partly cloudy throughout the day with rain.,rain,"03769099999,03680099999,D5621,03672099999,03781099999,F6665,03772099999,03770099999"
London,2021-05-03,13.6,6,9.7,13.6,4,8.3,3.8,68.2,0.402,100,4.17,rain,0,0,74.4,40.7,220.4,1013.1,68.3,21.3,108.7,9.5,4,,2021-05-03T05:28:26,2021-05-03T20:27:25,0.75,"Rain, Partially cloudy",Partly cloudy throughout the day with late afternoon rain.,rain,"03769099999,03680099999,D5621,03672099999,03781099999,03772099999,03770099999"
London,2021-05-04,13.6,7.1,10.3,13.6,4.5,8.7,3.4,63.7,5.017,100,8.33,rain,0,0,72.2,41.9,268.3,999.6,65.6,29.9,81.8,7.1,2,,2021-05-04T05:26:38,2021-05-04T20:29:02,0.75,"Rain, Partially cloudy",Partly cloudy throughout the day with rain.,rain,"03769099999,03680099999,D5621,03672099999,03781099999,F6665,03772099999,03770099999"
London,2021-05-05,12.5,4.5,7.5,12.5,2.1,5.7,1.9,69.3,3.201,100,12.5,rain,0,0,48.2,23,277.1,1008.6,52,33.5,120.7,10.3,7,,2021-05-05T05:24:50,2021-05-05T20:30:39,0.78,"Rain, Partially cloudy",Partly cloudy throughout the day with rain.,rain,"03769099999,03680099999,D5621,03672099999,03781099999,03772099999,03770099999"
London,2021-05-06,13,2.6,7.5,13,1.5,6.8,1,67.3,0.806,100,12.5,rain,0,0,35.6,19.8,289,1007.2,45.4,27.1,112,9.8,5,,2021-05-06T05:23:05,2021-05-06T20:32:15,0.82,"Rain, Partially cloudy",Partly cloudy throughout the day with rain.,rain,"03769099999,03680099999,D5621,03672099999,03781099999,03772099999,03770099999"
London,2021-05-07,13.6,4.6,9.8,13.6,2.6,8.8,-0.2,51.3,0,0,0,,0,0,39.2,19.4,266.1,1015.1,34.4,31.6,164.1,14.2,7,,2021-05-07T05:21:21,2021-05-07T20:33:51,0.85,Partially cloudy,Partly cloudy throughout the day.,partly-cloudy-day,"03769099999,03680099999,D5621,03672099999,03781099999,03772099999,03770099999"
London,2021-05-08,16.1,7.5,12.1,16.1,4.8,11.3,7.3,73.8,5.019,100,8.33,rain,0,0,63.4,36.9,202.6,1005.8,85.7,19.8,39.6,3.3,1,,2021-05-08T05:19:38,2021-05-08T20:35:26,0.89,"Rain, Partially cloudy",Partly cloudy throughout the day with rain in the morning and afternoon.,rain,"03769099999,03680099999,D5621,03672099999,03781099999,03772099999,03770099999"
London,2021-05-09,20.6,12.6,16.3,20.6,12.6,16.3,10.7,69.7,0,0,0,,0,0,52.6,27.5,203.5,997.2,59.9,30.3,137.2,11.9,6,,2021-05-09T05:17:57,2021-05-09T20:37:01,0.92,Partially cloudy,Partly cloudy throughout the day.,partly-cloudy-day,"03769099999,03680099999,D5621,03672099999,03781099999,03772099999,03770099999"
London,2021-05-10,16.6,10.6,13.6,16.6,10.6,13.6,7.8,69.6,0.803,100,8.33,rain,0,0,61.9,35.1,212.5,1000,56.5,23.5,130.8,11.2,7,,2021-05-10T05:16:18,2021-05-10T20:38:35,0.95,"Rain, Partially cloudy",Partly cloudy throughout the day with rain.,rain,"03769099999,03680099999,D5621,03672099999,03781099999,03772099999,03770099999"
London,2021-05-11,17.6,8,12.8,17.6,7.1,12.7,6.4,66.7,0.002,100,4.17,rain,0,0,48.2,26.7,193.2,1007,52.7,25.3,103.4,8.7,5,,2021-05-11T05:14:41,2021-05-11T20:40:08,0,"Rain, Partially cloudy",Partly cloudy throughout the day with afternoon rain.,rain,"03769099999,03680099999,D5621,03672099999,03781099999,03772099999,03770099999"
London,2021-05-12,17.1,9.1,12.9,17.1,7.1,12.8,5.3,61.9,0.002,100,4.17,rain,0,0,38.9,20.3,201.9,1008.5,62.9,23.3,109.2,9.4,5,,2021-05-12T05:13:06,2021-05-12T20:41:41,0.02,"Rain, Partially cloudy",Partly cloudy throughout the day with morning rain.,rain,"03769099999,03680099999,D5621,03672099999,03781099999,03772099999,03770099999"
London,2021-05-13,13,9.6,11.6,13,8.9,11.5,8.3,80.4,2.213,100,12.5,rain,0,0,41.8,17.8,99.9,1006,75.9,22,61.2,5.2,2,,2021-05-13T05:11:32,2021-05-13T20:43:13,0.06,"Rain, Partially cloudy",Partly cloudy throughout the day with rain.,rain,"03769099999,03680099999,D5621,03660099999,03672099999,03781099999,03772099999,03770099999"
London,2021-05-14,11.8,8.6,10.1,11.8,6.3,9.3,6.8,80.1,0.405,100,8.33,rain,0,0,31.7,14.7,35.2,1008.9,87.7,17.3,60.3,5.3,2,,2021-05-14T05:10:01,2021-05-14T20:44:44,0.09,"Rain, Partially cloudy",Partly cloudy throughout the day with rain clearing later.,rain,"03769099999,03680099999,D5621,03660099999,03672099999,03781099999,D4121,03772099999,03770099999"
London,2021-05-15,13.1,7.9,10.2,13.1,6.2,9.4,8,86.3,3.51,100,12.5,rain,0,0,36.7,14.9,181.2,1001.1,81,18.2,61.8,5.4,2,,2021-05-15T05:08:31,2021-05-15T20:46:14,0.12,"Rain, Partially cloudy",Partly cloudy throughout the day with rain.,rain,"03769099999,03680099999,D5621,03660099999,03672099999,03781099999,03772099999"
London,2021-05-16,13.3,7.6,10.5,13.3,5.9,9.9,8.5,88,6.13,100,12.5,rain,0,0,42.1,18.3,212.4,997.9,73,15.8,103.4,8.8,4,,2021-05-16T05:07:04,2021-05-16T20:47:43,0.16,"Rain, Partially cloudy",Partly cloudy throughout the day with rain.,rain,"03769099999,03680099999,D5621,03660099999,03672099999,03781099999,F6665,03772099999,03770099999"
London,2021-05-17,15.5,10,11.4,15.5,10,11.4,9.1,86.2,11.001,100,12.5,rain,0,0,50,21.1,286.6,1004.6,83.4,21.2,82.6,7.2,4,,2021-05-17T05:05:38,2021-05-17T20:49:11,0.19,"Rain, Partially cloudy",Partly cloudy throughout the day with rain.,rain,"03769099999,03680099999,D5621,03672099999,03781099999,03772099999,03770099999"
London,2021-05-18,16.1,7,11,16.1,5.7,10.6,8,83.2,5.784,100,12.5,rain,0,0,48.2,22.8,244.4,1013.1,56.8,26.1,144.6,12.6,6,,2021-05-18T05:04:15,2021-05-18T20:50:38,0.23,"Rain, Partially cloudy",Partly cloudy throughout the day with rain.,rain,"03769099999,03680099999,D5621,03672099999,03781099999,F6665,03772099999,03770099999"
London,2021-05-19,17.1,9.1,12.3,17.1,7.8,12.1,6.5,70.7,2.997,100,12.5,rain,0,0,48.2,18.7,296.1,1017.3,58.6,27.3,126.2,10.9,6,,2021-05-19T05:02:54,2021-05-19T20:52:04,0.25,"Rain, Partially cloudy",Partly cloudy throughout the day with a chance of rain throughout the day.,rain,"03769099999,03680099999,D5621,03672099999,03781099999,03772099999,03770099999"
London,2021-05-20,14,7.1,11.2,14,6.3,11,7.2,77,0.597,100,4.17,rain,0,0,64.8,36.6,207.1,1013.4,63.1,24.2,70.3,6.2,2,,2021-05-20T05:01:35,2021-05-20T20:53:29,0.3,"Rain, Partially cloudy",Partly cloudy throughout the day with late afternoon rain.,rain,"03769099999,03680099999,D5621,03672099999,03781099999,03772099999,03770099999"
London,2021-05-21,13.1,10.6,11.8,13.1,10.6,11.8,7.4,75.1,0.606,100,16.67,rain,0,0,70.4,40.5,230.5,997,84.2,15.1,71.9,6.2,2,,2021-05-21T05:00:18,2021-05-21T20:54:53,0.33,"Rain, Partially cloudy",Partly cloudy throughout the day with a chance of rain throughout the day.,rain,"03769099999,03680099999,D5621,03672099999,03781099999,03772099999,03770099999"
London,2021-05-22,14,8,10.7,14,6.8,10,7.5,81.2,7.174,100,12.5,rain,0,0,63,24.6,271.5,1002.6,78.2,28.1,86.4,7.5,4,,2021-05-22T04:59:04,2021-05-22T20:56:15,0.36,"Rain, Partially cloudy",Partly cloudy throughout the day with rain.,rain,"03769099999,03680099999,D5621,03672099999,03781099999,03772099999,03770099999"
London,2021-05-23,13.1,5.5,10.1,13.1,3.6,9.4,5.9,76.3,1.596,100,12.5,rain,0,0,61.2,29.3,207.6,1008.2,62.2,24.5,120.5,10.3,4,,2021-05-23T04:57:52,2021-05-23T20:57:36,0.4,"Rain, Partially cloudy",Partly cloudy throughout the day with rain.,rain,"03769099999,03680099999,D5621,03672099999,03781099999,03772099999,03770099999"
London,2021-05-24,13.5,7.6,10.3,13.5,5.8,9.5,7.4,83.2,6.063,100,12.5,rain,0,0,51.8,23.5,221.3,1003,64.5,23,112.8,9.8,4,,2021-05-24T04:56:43,2021-05-24T20:58:55,0.43,"Rain, Partially cloudy",Partly cloudy throughout the day with rain.,rain,"03769099999,03680099999,D5621,03672099999,03781099999,F6665,03772099999,03770099999"
London,2021-05-25,16.1,7,10.9,16.1,4.1,9.9,6.3,74.7,3.986,100,8.33,rain,0,0,51.5,24.7,264.7,1013.3,59.2,32.6,80.1,6.9,2,,2021-05-25T04:55:36,2021-05-25T21:00:13,0.47,"Rain, Partially cloudy",Partly cloudy throughout the day with rain.,rain,"03769099999,03680099999,D5621,03672099999,03781099999,03772099999,03770099999"
London,2021-05-26,16.1,6.5,11.4,16.1,4.4,10.9,6.4,72.9,0.397,100,4.17,rain,0,0,40.7,18.6,304.6,1014.6,55.9,29.6,121.9,10.3,5,,2021-05-26T04:54:31,2021-05-26T21:01:29,0.5,"Rain, Partially cloudy",Partly cloudy throughout the day with afternoon rain.,rain,"03769099999,03680099999,D5621,03672099999,03781099999,03772099999,03770099999"
London,2021-05-27,20.1,7.6,14.5,20.1,7.6,14.4,7.7,67.1,0,0,0,,0,0,20.9,12.3,266.6,1019.9,33.9,28.3,161.4,14,7,,2021-05-27T04:53:29,2021-05-27T21:02:43,0.53,Partially cloudy,Partly cloudy throughout the day.,partly-cloudy-day,"03769099999,03680099999,D5621,03672099999,03781099999,03772099999,03770099999"
London,2021-05-28,19.5,10.1,14.9,19.5,10.1,14.9,9.2,70.1,0.598,100,4.17,rain,0,0,20.5,10.4,125.2,1023.1,66.9,22.2,176.8,15.2,7,,2021-05-28T04:52:30,2021-05-28T21:03:56,0.57,"Rain, Partially cloudy",Partly cloudy throughout the day with late afternoon rain.,rain,"03769099999,03680099999,D5621,03672099999,03781099999,03772099999,03770099999"
London,2021-05-29,21,12.6,16.2,21,12.6,16.2,8.6,61.9,0,0,0,,0,0,33.8,18.9,76.7,1026.4,45.6,24.4,149,12.8,5,,2021-05-29T04:51:33,2021-05-29T21:05:07,0.6,Partially cloudy,Partly cloudy throughout the day.,partly-cloudy-day,"03769099999,03680099999,D5621,03672099999,03781099999,03772099999,03770099999"
London,2021-05-30,20,9.6,13.2,20,8.1,13.1,8.5,74.6,0,0,0,,0,0,32.4,17.9,75.2,1027.5,43.2,17.6,150.3,12.8,9,,2021-05-30T04:50:39,2021-05-30T21:06:16,0.63,Partially cloudy,Partly cloudy throughout the day.,partly-cloudy-day,"03769099999,03680099999,D5621,03672099999,03781099999,D4121,03772099999,03770099999"
London,2021-05-31,24,10.1,16,24,10.1,16,9,66.8,0,0,0,,0,0,34.2,17.6,83.9,1021.4,36.7,16.6,208.7,18.2,9,,2021-05-31T04:49:48,2021-05-31T21:07:23,0.67,Partially cloudy,Clearing in the afternoon.,partly-cloudy-day,"03769099999,03680099999,D5621,03672099999,03781099999,03772099999,03770099999"
London,2021-06-01,24.6,12.1,18.8,24.6,12.1,18.8,8.5,55.2,0,0,0,,0,0,46.4,22.3,89.5,1015.1,8.4,24.8,233.8,20.2,9,,2021-06-01T04:48:59,2021-06-01T21:08:29,0.7,Clear,Clear conditions throughout the day.,clear-day,"03769099999,03680099999,D5621,03672099999,03781099999,03772099999,03770099999"
London,2021-06-02,26.8,13,20.1,26.5,13,20.1,9.6,53.5,0,0,0,,0,0,38.9,19.3,104.7,1012.6,40.9,27,210.8,18.3,8,,2021-06-02T04:48:14,2021-06-02T21:09:32,0.75,Partially cloudy,Partly cloudy throughout the day.,partly-cloudy-day,"03769099999,03680099999,D5621,03660099999,03672099999,03781099999,03684099999,03772099999,03770099999"
London,2021-06-03,24,17.6,20.2,24,17.6,20.2,13.6,67.1,0.004,100,4.17,rain,0,0,34.6,16.4,246.4,1018.1,63.9,19.5,199.3,17.1,9,,2021-06-03T04:47:31,2021-06-03T21:10:33,0.77,"Rain, Partially cloudy",Partly cloudy throughout the day with early morning rain.,rain,"03769099999,03680099999,D5621,03672099999,03781099999,F6665,03772099999,03770099999"
London,2021-06-04,17,14.1,15.3,17,14.1,15.3,12.2,82.1,9.988,100,8.33,rain,0,0,32,11.7,344.6,1022.6,70.9,15.7,51.2,4.4,1,,2021-06-04T04:46:51,2021-06-04T21:11:31,0.8,"Rain, Partially cloudy",Partly cloudy throughout the day with rain.,rain,"03769099999,03680099999,D5621,03672099999,03781099999,F6665,03772099999,03770099999"
London,2021-06-05,23.6,13.1,17.9,23.6,13.1,17.9,10.5,65.5,0.397,100,4.17,rain,0,0,33.5,13.4,285.6,1024.1,40.8,19.5,192.3,16.6,9,,2021-06-05T04:46:14,2021-06-05T21:12:28,0.83,"Rain, Partially cloudy",Partly cloudy throughout the day with early morning rain.,rain,"03769099999,03680099999,D5621,03672099999,03781099999,03772099999,03770099999"
London,2021-06-06,23.1,13.1,18.3,23.1,13.1,18.3,12.4,69.5,0.002,100,4.17,rain,0,0,21.2,11.4,242.8,1024.4,54,27,131.5,11.4,5,,2021-06-06T04:45:40,2021-06-06T21:13:22,0.87,"Rain, Partially cloudy",Partly cloudy throughout the day with afternoon rain.,rain,"03769099999,03680099999,D5621,03672099999,03781099999,03772099999,03770099999"
London,2021-06-07,23,14.6,19,23,14.6,19,12.6,68.2,0,0,0,,0,0,27.7,15.6,208.7,1023.8,60,22.2,189.9,16.4,7,,2021-06-07T04:45:09,2021-06-07T21:14:13,0.9,Partially cloudy,Partly cloudy throughout the day.,partly-cloudy-day,"03769099999,03680099999,D5621,03660099999,03672099999,03781099999,F6665,03772099999,03770099999"
London,2021-06-08,24.1,13,19,24.1,13,19,11.5,64.3,0,0,0,,0,0,23.8,14.4,240.4,1023.1,27.8,23,200.5,17.1,8,,2021-06-08T04:44:41,2021-06-08T21:15:03,0.93,Partially cloudy,Partly cloudy throughout the day.,partly-cloudy-day,"03769099999,03680099999,D5621,03672099999,03781099999,AR120,03772099999,03770099999"
London,2021-06-09,25.6,12.6,19.7,25.6,12.6,19.7,9.8,57.8,0,0,0,,0,0,30.6,19.4,240.9,1021.6,12.2,27.6,216.6,18.8,9,,2021-06-09T04:44:16,2021-06-09T21:15:49,0.97,Clear,Clear conditions throughout the day.,clear-day,"03769099999,03680099999,D5621,03672099999,03781099999,03772099999,03770099999"
London,2021-06-10,23.6,15.6,19.6,23.6,15.6,19.6,14.9,75.2,0,0,0,,0,0,33.1,18.1,229.8,1020.8,66.6,23.2,162.4,13.9,6,,2021-06-10T04:43:54,2021-06-10T21:16:33,0,Partially cloudy,Partly cloudy throughout the day.,partly-cloudy-day,"03769099999,03680099999,D5621,03672099999,03781099999,03772099999,03770099999"
London,2021-06-11,24.1,16.8,19.8,24.1,16.8,19.8,14.7,73.6,0,0,0,,0,0,43.9,22.4,245.5,1019.8,82.9,20.7,130.6,11.2,6,,2021-06-11T04:43:35,2021-06-11T21:17:15,0.04,Partially cloudy,Partly cloudy throughout the day.,partly-cloudy-day,"03769099999,03680099999,D5621,03672099999,03781099999,03772099999,03770099999"
London,2021-06-12,24,15,19.6,24,15,19.6,11.4,60.9,0,0,0,,0,0,26.3,16.8,305.7,1023.1,40.8,29.3,185,15.9,7,,2021-06-12T04:43:19,2021-06-12T21:17:53,0.07,Partially cloudy,Partly cloudy throughout the day.,partly-cloudy-day,"03769099999,03680099999,D5621,03672099999,03781099999,AR120,03772099999,03770099999"
London,2021-06-13,27.6,14.6,21.3,27.8,14.6,21.3,12.8,60.2,0,0,0,,0,0,23.8,16.8,211.8,1026,6.2,25.2,217,18.9,9,,2021-06-13T04:43:06,2021-06-13T21:18:29,0.1,Clear,Clear conditions throughout the day.,clear-day,"03769099999,03680099999,D5621,03672099999,03781099999,F4685,03772099999,03770099999"
London,2021-06-14,28.1,16.1,22,28,16.1,22,13.3,58.9,0,0,0,,0,0,30.2,12.8,293.8,1020.8,27.6,28.9,220.2,19,9,,2021-06-14T04:42:56,2021-06-14T21:19:02,0.14,Partially cloudy,Partly cloudy throughout the day.,partly-cloudy-day,"03769099999,03680099999,D5621,03672099999,03781099999,03772099999,03770099999"
London,2021-06-15,25.6,15.5,19.9,25.6,15.5,19.9,11.2,57.4,0,0,0,,0,0,31.3,15.8,61.2,1020.6,62.3,30.6,173.1,15.1,7,,2021-06-15T04:42:49,2021-06-15T21:19:33,0.17,Partially cloudy,Partly cloudy throughout the day.,partly-cloudy-day,"03769099999,03680099999,D5621,03672099999,03781099999,F6665,AR120,03772099999,03770099999"
London,2021-06-16,28.1,15.1,21.8,28,15.1,21.8,14.4,64.6,0,0,0,,0,0,33.5,16.5,208.3,1012.2,40.3,22.9,207.7,17.8,9,,2021-06-16T04:42:46,2021-06-16T21:20:00,0.21,Partially cloudy,Partly cloudy throughout the day.,partly-cloudy-day,"03769099999,03680099999,D5621,03672099999,03781099999,03772099999,03770099999"
London,2021-06-17,21.5,16.6,19.2,21.5,16.6,19.2,17,87.5,8.405,100,12.5,rain,0,0,26.6,13.3,15.2,1010.4,85.9,11.8,63.2,5.4,3,,2021-06-17T04:42:45,2021-06-17T21:20:25,0.24,"Rain, Partially cloudy",Partly cloudy throughout the day with rain.,rain,"03769099999,03680099999,D5621,03672099999,03781099999,F6665,D4121,03772099999,03770099999"
London,2021-06-18,16.6,12.6,14.9,16.6,12.6,14.9,14.1,94.6,31.974,100,16.67,rain,0,0,42.5,17.4,20,1013,97.8,8.3,25.8,2.2,1,,2021-06-18T04:42:48,2021-06-18T21:20:46,0.25,"Rain, Overcast",Cloudy skies throughout the day with a chance of rain throughout the day.,rain,"03769099999,03680099999,D5621,03672099999,03781099999,03772099999,03770099999"
London,2021-06-19,16,12.5,14.1,16,12.5,14.1,11.6,85,3.003,100,8.33,rain,0,0,31,13.9,46.2,1014,97.5,25.6,47.4,3.9,2,,2021-06-19T04:42:53,2021-06-19T21:21:05,0.31,"Rain, Overcast",Cloudy skies throughout the day with rain.,rain,"03769099999,03680099999,D5621,03672099999,03781099999,03772099999,03770099999"
London,2021-06-20,18.1,13.1,15.1,18.1,13.1,15.1,12.9,87.2,0.797,100,12.5,rain,0,0,37.1,18.3,49.9,1008.8,95.1,17.5,61.6,5.4,2,,2021-06-20T04:43:02,2021-06-20T21:21:20,0.35,"Rain, Overcast",Cloudy skies throughout the day with a chance of rain throughout the day.,rain,"03769099999,03680099999,D5621,03672099999,03781099999,03772099999,03770099999"
London,2021-06-21,14.5,12.1,13.4,14.5,12.1,13.4,10.6,83.6,4.007,100,8.33,rain,0,0,50.8,20.1,45.2,1012.3,88.8,17.7,57.2,4.7,2,,2021-06-21T04:43:13,2021-06-21T21:21:33,0.38,"Rain, Partially cloudy",Partly cloudy throughout the day with rain.,rain,"03769099999,03680099999,D5621,03672099999,03781099999,03772099999,03770099999"
London,2021-06-22,16.5,12,14.1,16.5,12,14.1,7.5,65.8,0.201,100,12.5,rain,0,0,50,22.5,33.2,1020,69.7,25,118.2,10.2,4,,2021-06-22T04:43:28,2021-06-22T21:21:42,0.42,"Rain, Partially cloudy",Partly cloudy throughout the day with a chance of rain throughout the day.,rain,"03769099999,03680099999,D5621,03672099999,03781099999,03772099999,03770099999"
London,2021-06-23,21.1,9.6,15.5,21.1,9.6,15.5,7.4,60.8,0,0,0,,0,0,26.3,12.2,13.8,1023.3,29,26.7,212.9,18.2,9,,2021-06-23T04:43:45,2021-06-23T21:21:48,0.45,Partially cloudy,Partly cloudy throughout the day.,partly-cloudy-day,"03769099999,03680099999,D5621,03672099999,03781099999,03772099999,03770099999"
London,2021-06-24,21.5,10,16.5,21.5,10,16.5,11.5,73.5,0.198,100,4.17,rain,0,0,25.6,14.3,277.2,1021.5,57.3,19.7,169.4,14.6,7,,2021-06-24T04:44:06,2021-06-24T21:21:51,0.5,"Rain, Partially cloudy",Partly cloudy throughout the day with late afternoon rain.,rain,"03769099999,03680099999,D5621,03672099999,03781099999,F4685,03772099999,03770099999"
London,2021-06-25,21.5,14.1,17.8,21.5,14.1,17.8,11.9,69.6,0.201,100,8.33,rain,0,0,30.2,14.5,263.8,1016.3,69.2,28.3,122.2,10.5,5,,2021-06-25T04:44:29,2021-06-25T21:21:51,0.52,"Rain, Partially cloudy",Partly cloudy throughout the day with rain in the morning and afternoon.,rain,"03769099999,03680099999,D5621,03672099999,03781099999,03772099999,03770099999"
London,2021-06-26,21.2,14.6,17.9,21.2,14.6,17.9,11.8,69.7,0,0,0,,0,0,28.1,17.3,90.6,1017.3,63.4,21.8,186.7,16.1,8,,2021-06-26T04:44:55,2021-06-26T21:21:48,0.56,Partially cloudy,Partly cloudy throughout the day.,partly-cloudy-day,"03769099999,03680099999,D5621,03672099999,03781099999,03772099999,03770099999"
London,2021-06-27,20.5,16,17.7,20.5,16,17.7,15,84.5,0.003,100,4.17,rain,0,0,47.9,19.7,54.2,1015.5,90.6,8.5,58.9,5.1,2,,2021-06-27T04:45:24,2021-06-27T21:21:42,0.59,"Rain, Overcast",Cloudy skies throughout the day with late afternoon rain.,rain,"03769099999,03680099999,D5621,03672099999,03781099999,F6665,03772099999,03770099999"
London,2021-06-28,21,15.6,17.4,21,15.6,17.4,15.7,90.3,24.545,100,12.5,rain,0,0,28.8,14.9,39.3,1014.2,88.9,9.4,80.7,7.1,4,,2021-06-28T04:45:56,2021-06-28T21:21:33,0.62,"Rain, Partially cloudy",Partly cloudy throughout the day with a chance of rain throughout the day.,rain,"03769099999,03680099999,D5621,03672099999,03781099999,03772099999,03770099999"
London,2021-06-29,19,15,16.2,19,15,16.2,13,81.8,2.001,100,8.33,rain,0,0,30.6,17.7,22.7,1015.1,89.8,14,80.8,6.8,5,,2021-06-29T04:46:31,2021-06-29T21:21:21,0.65,"Rain, Partially cloudy",Partly cloudy throughout the day with rain.,rain,"03769099999,03680099999,D5621,03672099999,03781099999,03772099999,03770099999"
London,2021-06-30,17.1,14,15.5,17.1,14,15.5,10.8,73.6,0,0,0,,0,0,31,12.8,347.8,1017.2,90.3,23.6,76.7,6.4,2,,2021-06-30T04:47:08,2021-06-30T21:21:05,0.69,Overcast,Cloudy skies throughout the day.,cloudy,"03769099999,03680099999,D5621,03672099999,03781099999,F6665,03772099999,03770099999"
London,2021-07-01,21.6,13.6,17.6,21.6,13.6,17.6,11.3,67.2,0,0,0,,0,0,24.5,10.1,337,1017.7,60.1,18.7,184.4,15.9,8,,2021-07-01T04:47:48,2021-07-01T21:20:46,0.75,Partially cloudy,Partly cloudy throughout the day.,partly-cloudy-day,"03769099999,03680099999,D5621,03672099999,03781099999,03772099999,03770099999"
London,2021-07-02,23.6,15.1,19.5,23.6,15.1,19.5,13.6,69.9,0,0,0,,0,0,27.4,14.9,225.6,1016,68.6,16.5,165.4,14.4,7,,2021-07-02T04:48:30,2021-07-02T21:20:25,0.75,Partially cloudy,Partly cloudy throughout the day.,partly-cloudy-day,"03769099999,03680099999,D5621,03672099999,03781099999,03772099999,03770099999"
London,2021-07-03,20.6,16.5,18.5,20.6,16.5,18.5,14.6,78.2,0.416,100,8.33,rain,0,0,38.9,19.2,205.2,1012,83.4,19.4,88.7,7.5,3,,2021-07-03T04:49:15,2021-07-03T21:20:00,0.78,"Rain, Partially cloudy",Partly cloudy throughout the day with rain in the morning and afternoon.,rain,"03769099999,03680099999,D5621,03672099999,03781099999,F6665,03772099999,03770099999"
London,2021-07-04,20.6,15,17.7,20.6,15,17.7,14.2,80.3,3.211,100,8.33,rain,0,0,50,24,202.1,1007.7,79,19.3,132.6,11.4,6,,2021-07-04T04:50:03,2021-07-04T21:19:32,0.82,"Rain, Partially cloudy",Partly cloudy throughout the day with rain in the morning and afternoon.,rain,"03769099999,03680099999,D5621,03672099999,03781099999,03772099999,03770099999"
London,2021-07-05,20.6,14.1,16.6,20.6,14.1,16.6,12.1,76.3,2.982,100,4.17,rain,0,0,43.6,23.4,205.9,1004.9,73,19.7,158.8,13.7,7,,2021-07-05T04:50:53,2021-07-05T21:19:01,0.85,"Rain, Partially cloudy",Partly cloudy throughout the day with early morning rain.,rain,"03769099999,03680099999,D5621,03672099999,03781099999,03772099999,03770099999"
London,2021-07-06,18.6,13.6,15.3,18.6,13.6,15.3,12.7,84.5,15.006,100,16.67,rain,0,0,65,29.9,219.5,999.6,69.1,19,105.4,9,4,,2021-07-06T04:51:45,2021-07-06T21:18:27,0.88,"Rain, Partially cloudy",Partly cloudy throughout the day with a chance of rain throughout the day.,rain,"03769099999,03680099999,D5621,03672099999,03781099999,03772099999,03770099999"
London,2021-07-07,20,13.5,16.8,20,13.5,16.8,12.7,77.4,0.199,100,4.17,rain,0,0,46.4,24.9,213.2,1011.3,72,19.8,109,9.3,4,,2021-07-07T04:52:40,2021-07-07T21:17:50,0.92,"Rain, Partially cloudy",Partly cloudy throughout the day with afternoon rain.,rain,"03769099999,03680099999,D5621,03660099999,03672099999,03781099999,F6665,03772099999,03770099999"
London,2021-07-08,21.1,14.6,17.7,21.1,14.6,17.7,13.3,75.5,5.366,100,12.5,rain,0,0,27.4,15.9,216.7,1019.3,65.3,20,133.5,11.6,4,,2021-07-08T04:53:36,2021-07-08T21:17:11,0.95,"Rain, Partially cloudy",Partly cloudy throughout the day with rain.,rain,"03769099999,03680099999,D5621,03660099999,03672099999,03781099999,03772099999,03770099999"
London,2021-07-09,23.6,15.6,19,23.6,15.6,19,13.7,72.1,0,0,0,,0,0,26.6,17.5,231,1020.6,68.6,19.7,178.4,15.1,9,,2021-07-09T04:54:35,2021-07-09T21:16:28,0.98,Partially cloudy,Partly cloudy throughout the day.,partly-cloudy-day,"03769099999,03680099999,D5621,03672099999,03781099999,03772099999,03770099999"
London,2021-07-10,18.1,14.1,16.3,18.1,14.1,16.3,11.6,73.7,0.004,100,8.33,rain,0,0,19.1,11,244.8,1016.7,64,27.6,68.8,5.9,2,,2021-07-10T04:55:36,2021-07-10T21:15:42,0,"Rain, Partially cloudy",Partly cloudy throughout the day with rain.,rain,"03769099999,03680099999,D5621,03660099999,03672099999,03781099999,03772099999,03770099999"
London,2021-07-11,21.1,13,16.9,21.1,13,16.9,12.9,78.1,0,0,0,,0,0,27.4,15.6,202.3,1015.3,60.8,22.4,102.5,8.7,6,,2021-07-11T04:56:39,2021-07-11T21:14:54,0.05,Partially cloudy,Partly cloudy throughout the day.,partly-cloudy-day,"03769099999,03680099999,D5621,03672099999,03781099999,03772099999,03770099999"
London,2021-07-12,21.5,14.1,16.8,21.5,14.1,16.8,14.5,87.4,4.987,100,12.5,rain,0,0,20.5,11.2,52,1011.2,77.4,16.7,95.8,8.3,4,,2021-07-12T04:57:44,2021-07-12T21:14:03,0.09,"Rain, Partially cloudy",Partly cloudy throughout the day with rain.,rain,"03769099999,03680099999,D5621,03672099999,03781099999,03772099999,03770099999"
London,2021-07-13,23.1,16.1,18.9,23.1,16.1,18.9,14.7,77.7,2.984,100,4.17,rain,0,0,33.5,17.8,355.5,1014.4,60.7,20.1,137.8,11.7,8,,2021-07-13T04:58:51,2021-07-13T21:13:09,0.12,"Rain, Partially cloudy",Partly cloudy throughout the day with early morning rain.,rain,"03769099999,03680099999,D5621,03672099999,03781099999,AR120,03772099999,03770099999"
London,2021-07-14,24.6,15.1,19.7,24.6,15.1,19.7,13.9,70.3,0,0,0,,0,0,41,19.7,329.9,1017.8,44.3,25.2,95.7,8.3,4,,2021-07-14T04:59:59,2021-07-14T21:12:12,0.16,Partially cloudy,Partly cloudy throughout the day.,partly-cloudy-day,"03769099999,03680099999,D5621,03660099999,03672099999,03781099999,03772099999,03770099999"
London,2021-07-15,21.1,15.5,18.7,21.1,15.5,18.7,13.4,71.4,0,0,0,,0,0,40,17.2,0.4,1022.1,51.9,30.7,107.5,9.4,5,,2021-07-15T05:01:10,2021-07-15T21:11:13,0.19,Partially cloudy,Partly cloudy throughout the day.,partly-cloudy-day,"03769099999,03680099999,D5621,03672099999,03781099999,D4121,03772099999,03770099999"
London,2021-07-16,26.1,12.5,19.4,26.1,12.5,19.4,11.9,64.4,0,0,0,,0,0,35.3,19.2,23.5,1026.5,12,25.9,212.8,18.7,9,,2021-07-16T05:02:22,2021-07-16T21:10:10,0.23,Clear,Clear conditions throughout the day.,clear-day,"03769099999,03680099999,D5621,03660099999,03672099999,03781099999,03772099999,03770099999"
London,2021-07-17,28,16.1,22,28.1,16.1,22.1,13.8,60.5,0,0,0,,0,0,28.8,13.1,49.1,1027.9,2.1,37.7,199.3,17.3,8,,2021-07-17T05:03:35,2021-07-17T21:09:06,0.25,Clear,Clear conditions throughout the day.,clear-day,"03769099999,03680099999,D5621,03660099999,03672099999,03781099999,03772099999,03770099999"
London,2021-07-18,31,15.6,23.9,31.4,15.6,24,15.3,61.4,0,0,0,,0,0,20.5,9.5,339.4,1024.9,10.2,31.8,195.6,16.8,8,,2021-07-18T05:04:50,2021-07-18T21:07:59,0.3,Clear,Clear conditions throughout the day.,clear-day,"03769099999,03680099999,D5621,03660099999,03672099999,03781099999,03772099999,03770099999"
London,2021-07-19,30.1,18.5,24.3,30.7,18.5,24.5,16.8,64.1,0,0,0,,0,0,31.7,12.2,243.4,1020.8,12.9,31.3,190.2,16.4,8,,2021-07-19T05:06:07,2021-07-19T21:06:49,0.33,Clear,Clear conditions throughout the day.,clear-day,"03769099999,03680099999,D5621,03672099999,03781099999,03772099999,03770099999"
London,2021-07-20,30.5,18,23.4,30.5,18,23.5,16.7,68.8,0.993,100,4.17,rain,0,0,35.3,15.5,175.1,1019.7,15,24.6,174.7,15.1,8,,2021-07-20T05:07:25,2021-07-20T21:05:37,0.37,Rain,Clear conditions throughout the day with late afternoon rain.,rain,"03769099999,03680099999,D5621,03672099999,03781099999,03772099999,03770099999"
London,2021-07-21,29.6,18.6,23.9,29.9,18.6,24,17,67.7,0.403,100,4.17,rain,0,0,33.5,13.9,52,1022,11.8,22,177.2,15.3,7,,2021-07-21T05:08:44,2021-07-21T21:04:22,0.41,Rain,Clear conditions throughout the day with early morning rain.,rain,"03769099999,03680099999,D5621,03660099999,03672099999,03781099999,03772099999,03770099999"
London,2021-07-22,28.5,18.1,23,28.6,18.1,23.1,15.2,62.9,0,0,0,,0,0,22.7,12.6,90.9,1022.5,4.6,21.4,192,16.4,8,,2021-07-22T05:10:05,2021-07-22T21:03:05,0.44,Clear,Clear conditions throughout the day.,clear-day,"03769099999,03680099999,D5621,03672099999,03781099999,03772099999,03770099999"
London,2021-07-23,23.6,16.5,19.4,23.6,16.5,19.4,13.9,71.1,0,0,0,,0,0,44.6,23.7,76.8,1017.1,43.1,22.7,198.3,17.1,8,,2021-07-23T05:11:26,2021-07-23T21:01:46,0.48,Partially cloudy,Partly cloudy throughout the day.,partly-cloudy-day,"03769099999,03680099999,D5621,03672099999,03781099999,03772099999,03770099999"
London,2021-07-24,23,16.5,18.8,23,16.5,18.8,15.2,79.9,0.204,100,8.33,rain,0,0,51.9,21.9,70.7,1008.5,84.8,13.1,56.2,4.7,2,,2021-07-24T05:12:49,2021-07-24T21:00:25,0.5,"Rain, Partially cloudy",Partly cloudy throughout the day with rain in the morning and afternoon.,rain,"03769099999,03680099999,D5621,03672099999,03781099999,03772099999,03770099999"
London,2021-07-25,21.6,17.2,18.4,21.6,17.2,18.4,16.3,88,38.759,100,12.5,rain,0,0,29.9,16.6,17.7,1007.6,84.7,10.1,40.1,3.3,2,,2021-07-25T05:14:13,2021-07-25T20:59:01,0.54,"Rain, Partially cloudy",Partly cloudy throughout the day with rain.,rain,"03769099999,03680099999,D5621,03672099999,03781099999,03772099999,03770099999"
London,2021-07-26,24.5,16.6,20,24.5,16.6,20,15.8,78.8,1.998,100,4.17,rain,0,0,23.8,14.5,227,1009.7,67,13.5,111.5,9.7,4,,2021-07-26T05:15:38,2021-07-26T20:57:35,0.58,"Rain, Partially cloudy",Partly cloudy throughout the day with early morning rain.,rain,"03769099999,03680099999,D5621,03672099999,03781099999,03772099999,03770099999"
London,2021-07-27,21.6,17,19.1,21.6,17,19.1,14.4,74.4,0.821,100,12.5,rain,0,0,37.1,19.7,217.2,1008.3,69.3,25.2,100.1,8.8,3,,2021-07-27T05:17:04,2021-07-27T20:56:07,0.61,"Rain, Partially cloudy",Partly cloudy throughout the day with rain.,rain,"03769099999,03680099999,D5621,03672099999,03781099999,03772099999,03770099999"
London,2021-07-28,20.6,14,17,20.6,14,17,14.3,84.5,17.913,100,12.5,rain,0,0,54.1,24.8,241.9,1006.9,68.4,22.6,95.3,8.2,4,,2021-07-28T05:18:31,2021-07-28T20:54:37,0.64,"Rain, Partially cloudy",Partly cloudy throughout the day with rain.,rain,"03769099999,03680099999,D5621,03672099999,03781099999,03772099999,03770099999"
London,2021-07-29,22,12.5,17,22,12.5,17,10.4,67.5,2.983,100,4.17,rain,0,0,50,27.3,244.3,1009.7,37.5,28.6,158,13.8,8,,2021-07-29T05:19:58,2021-07-29T20:53:05,0.67,"Rain, Partially cloudy",Partly cloudy throughout the day with early morning rain.,rain,"03769099999,03680099999,D5621,03672099999,03781099999,03772099999,03770099999"
London,2021-07-30,19,14.6,16.5,19,14.6,16.5,13,80.1,2.818,100,12.5,rain,0,0,59,34.7,226.6,1003.3,78.9,21.7,73,6.2,3,,2021-07-30T05:21:27,2021-07-30T20:51:31,0.71,"Rain, Partially cloudy",Partly cloudy throughout the day with rain.,rain,"03769099999,03680099999,D5621,03672099999,03781099999,03772099999,03770099999"
London,2021-07-31,21,13.6,16.7,21,13.6,16.7,13.2,80.7,1.017,100,8.33,rain,0,0,38.5,19,262.1,1009,64.2,30.6,120.7,10.3,5,,2021-07-31T05:22:56,2021-07-31T20:49:56,0.75,"Rain, Partially cloudy",Partly cloudy throughout the day with rain.,rain,"03769099999,03680099999,D5621,03672099999,03781099999,03772099999,03770099999"
London,2021-08-01,21,15,17.1,21,15,17.1,14,82.9,3.786,100,8.33,rain,0,0,25.9,14.9,312.5,1011.1,81.5,24.9,88.6,7.5,3,,2021-08-01T05:24:26,2021-08-01T20:48:18,0.77,"Rain, Partially cloudy",Partly cloudy throughout the day with rain.,rain,"03769099999,03680099999,D5621,03672099999,03781099999,03772099999,03770099999"
London,2021-08-02,19.6,13.6,16.5,19.6,13.6,16.5,10.6,69.2,0.007,100,4.17,rain,0,0,22.3,13.8,147.1,1014.8,65.8,29.4,160.7,13.7,8,,2021-08-02T05:25:56,2021-08-02T20:46:39,0.8,"Rain, Partially cloudy",Partly cloudy throughout the day with early morning rain.,rain,"03769099999,03680099999,D5621,03672099999,03781099999,03772099999,03770099999"
London,2021-08-03,21.5,12.6,16.9,21.5,12.6,16.9,11.7,73.3,0.002,100,4.17,rain,0,0,27,11.3,120.4,1013.1,57.2,25.7,136.2,11.9,8,,2021-08-03T05:27:27,2021-08-03T20:44:57,0.83,"Rain, Partially cloudy",Partly cloudy throughout the day with afternoon rain.,rain,"03769099999,03680099999,D5621,03672099999,03781099999,03772099999,03770099999"
London,2021-08-04,22.1,13,17.6,22.1,13,17.6,11.9,71.2,0,0,0,,0,0,21.6,12.8,144.5,1012.8,42.9,23.6,128.1,10.9,5,,2021-08-04T05:28:58,2021-08-04T20:43:14,0.87,Partially cloudy,Partly cloudy throughout the day.,partly-cloudy-day,"03769099999,03680099999,D5621,03672099999,03781099999,03772099999,03770099999"
London,2021-08-05,20.6,13.5,17,20.6,13.5,17,13.4,80.2,2.008,100,4.17,rain,0,0,52.2,24.9,180.9,1005.3,63.9,19.3,135.3,11.6,6,,2021-08-05T05:30:30,2021-08-05T20:41:30,0.9,"Rain, Partially cloudy",Partly cloudy throughout the day with late afternoon rain.,rain,"03769099999,03680099999,D5621,03672099999,03781099999,F6665,03772099999,03770099999"
London,2021-08-06,22.6,15.1,17.6,22.6,15.1,17.6,13.7,78.9,1.408,100,12.5,rain,0,0,51.4,31.4,230.4,998.5,67.8,21.3,111.9,9.6,7,,2021-08-06T05:32:03,2021-08-06T20:39:44,0.93,"Rain, Partially cloudy",Partly cloudy throughout the day with rain.,rain,"03769099999,03680099999,D5621,03672099999,03781099999,03772099999,03770099999"
London,2021-08-07,20.1,14,16.1,20.1,14,16.1,13.3,83.9,33.67,100,12.5,rain,0,0,50,23.7,217,997.8,61.2,22.8,67.3,5.8,5,,2021-08-07T05:33:36,2021-08-07T20:37:56,0.96,"Rain, Partially cloudy",Partly cloudy throughout the day with rain.,rain,"03769099999,03680099999,D5621,03672099999,03781099999,D4121,F6665,03772099999,03770099999"
London,2021-08-08,19.6,13.6,16.1,19.6,13.6,16.1,12.9,81.4,5.988,100,12.5,rain,0,0,58.3,25.9,233.2,1005.3,56.8,23.3,74.8,6.5,2,,2021-08-08T05:35:09,2021-08-08T20:36:06,0,"Rain, Partially cloudy",Partly cloudy throughout the day with rain.,rain,"03769099999,03680099999,D5621,03672099999,03781099999,03772099999,03770099999"
London,2021-08-09,22,13.6,16.1,22,13.6,16.1,13.3,84.6,16.18,100,12.5,rain,0,0,51.8,23.1,227.1,1011.5,67,19.2,104.5,9.3,7,,2021-08-09T05:36:43,2021-08-09T20:34:16,0.03,"Rain, Partially cloudy",Partly cloudy throughout the day with rain.,rain,"03769099999,03680099999,D5621,03672099999,03781099999,F6665,03772099999,03770099999"
London,2021-08-10,24,13.1,17.9,24,13.1,17.9,13.4,77,0.997,100,4.17,rain,0,0,32,14.6,240.6,1015.3,47.1,21.8,141.2,12.1,7,,2021-08-10T05:38:17,2021-08-10T20:32:24,0.07,"Rain, Partially cloudy",Partly cloudy throughout the day with early morning rain.,rain,"03769099999,03680099999,D5621,03672099999,03781099999,03772099999,03770099999"
London,2021-08-11,23.3,13.6,18.4,23.3,13.6,18.4,12.9,72,0,0,0,,0,0,36.4,18.7,220.7,1018,35.3,32.5,160.3,13.8,7,,2021-08-11T05:39:51,2021-08-11T20:30:30,0.1,Partially cloudy,Partly cloudy throughout the day.,partly-cloudy-day,"03769099999,03680099999,D5621,03660099999,03672099999,03781099999,03772099999,03770099999"
London,2021-08-12,22,16.5,18.8,22,16.5,18.8,15,78.5,0.001,100,4.17,rain,0,0,42.5,20.5,214.4,1018.2,73.8,25.6,63.4,5.5,2,,2021-08-12T05:41:25,2021-08-12T20:28:35,0.14,"Rain, Partially cloudy",Partly cloudy throughout the day with afternoon rain.,rain,"03769099999,03680099999,D5621,03672099999,03781099999,F6665,03772099999,03770099999"
London,2021-08-13,21.6,14.5,17.9,21.6,14.5,17.9,13.8,77.5,0,0,0,,0,0,49.3,21,234.7,1020.8,54.9,20.4,85.3,7.4,3,,2021-08-13T05:43:00,2021-08-13T20:26:39,0.18,Partially cloudy,Partly cloudy throughout the day.,partly-cloudy-day,"03769099999,03680099999,D5621,03672099999,03781099999,03772099999,03770099999"
London,2021-08-14,24.6,14.6,19.3,24.6,14.6,19.3,14,72.9,0,0,0,,0,0,35.3,20,227.1,1019.9,58.6,21.2,92.5,8.2,3,,2021-08-14T05:44:35,2021-08-14T20:24:41,0.21,Partially cloudy,Partly cloudy throughout the day.,partly-cloudy-day,"03769099999,03680099999,D5621,03672099999,03781099999,D4121,03772099999,03770099999"
London,2021-08-15,23,15.1,18.6,23,15.1,18.6,13.5,72.8,0.001,100,4.17,rain,0,0,46.8,25.4,232.8,1013.6,70.4,23.7,109.9,9.4,7,,2021-08-15T05:46:10,2021-08-15T20:22:43,0.25,"Rain, Partially cloudy",Partly cloudy throughout the day with afternoon rain.,rain,"03769099999,03680099999,D5621,03672099999,03781099999,D4121,03772099999,03770099999"
London,2021-08-16,18.5,13.5,16.3,18.5,13.5,16.3,10.7,70.2,0.001,100,4.17,rain,0,0,45.7,21.4,301,1016.8,62.3,21.6,78.1,6.7,3,,2021-08-16T05:47:45,2021-08-16T20:20:43,0.28,"Rain, Partially cloudy",Partly cloudy throughout the day with morning rain.,rain,"03769099999,03680099999,D5621,03672099999,03781099999,03772099999,03770099999"
London,2021-08-17,18.6,11.6,15.6,18.6,11.6,15.6,12.2,80.2,0.001,100,4.17,rain,0,0,36.7,20.5,273.8,1019.7,81.6,28.4,35.5,3,1,,2021-08-17T05:49:20,2021-08-17T20:18:42,0.32,"Rain, Partially cloudy",Partly cloudy throughout the day with afternoon rain.,rain,"03769099999,03680099999,D5621,03672099999,03781099999,F6665,03772099999,03770099999"
London,2021-08-18,22.6,15.6,18.4,22.6,15.6,18.4,14.3,77.9,0.399,100,8.33,rain,0,0,38.9,23.9,266.1,1016.8,84.1,27.4,95.4,8.1,4,,2021-08-18T05:50:55,2021-08-18T20:16:40,0.35,"Rain, Partially cloudy",Partly cloudy throughout the day with rain clearing later.,rain,"03769099999,03680099999,D5621,03672099999,03781099999,D4121,03772099999,03770099999"
London,2021-08-19,21.1,14.1,17.5,21.1,14.1,17.5,12.7,73.9,0,0,0,,0,0,34.9,17.9,240.2,1014.3,84.5,28.4,101.3,8.8,5,,2021-08-19T05:52:31,2021-08-19T20:14:37,0.39,Partially cloudy,Partly cloudy throughout the day.,partly-cloudy-day,"03769099999,03680099999,D5621,03672099999,03781099999,03772099999,03770099999"
London,2021-08-20,21.1,15,18,21.1,15,18,14.3,79.7,0.206,100,8.33,rain,0,0,22.7,12,245.6,1015.9,82.3,26.9,79.3,7,3,,2021-08-20T05:54:06,2021-08-20T20:12:33,0.43,"Rain, Partially cloudy",Partly cloudy throughout the day with rain.,rain,"03769099999,03680099999,D5621,03672099999,03781099999,03772099999,03770099999"
London,2021-08-21,20.5,16.1,18.1,20.5,16.1,18.1,15,81.9,0.202,100,4.17,rain,0,0,37.1,14.9,170.7,1015.5,71.4,21.8,54.8,4.8,2,,2021-08-21T05:55:42,2021-08-21T20:10:28,0.46,"Rain, Partially cloudy",Partly cloudy throughout the day with afternoon rain.,rain,"03769099999,03680099999,D5621,03672099999,03781099999,03772099999,03770099999"
London,2021-08-22,22.5,15.5,18.1,22.5,15.5,18.1,15.2,84,2.005,100,12.5,rain,0,0,40.7,17.6,303.4,1018.6,76.4,26.9,69.8,6.1,4,,2021-08-22T05:57:17,2021-08-22T20:08:22,0.5,"Rain, Partially cloudy",Partly cloudy throughout the day with rain.,rain,"03769099999,03680099999,D5621,03672099999,03781099999,03772099999,03770099999"
London,2021-08-23,20.6,15.5,17.8,20.6,15.5,17.8,13,74.4,0.001,100,4.17,rain,0,0,33.5,15.8,30.6,1027.4,67.2,25.5,67.5,5.7,3,,2021-08-23T05:58:53,2021-08-23T20:06:15,0.53,"Rain, Partially cloudy",Partly cloudy throughout the day with early morning rain.,rain,"03769099999,03680099999,D5621,03672099999,03781099999,03768099999,03772099999,03770099999"
London,2021-08-24,23.1,13.6,17.4,23.1,13.6,17.4,11.9,71.8,0,0,0,,0,0,40.7,19,56.1,1029.4,47.3,27.3,106.3,9.1,5,,2021-08-24T06:00:29,2021-08-24T20:04:07,0.56,Partially cloudy,Partly cloudy throughout the day.,partly-cloudy-day,"03769099999,03680099999,D5621,03672099999,03781099999,F6665,03772099999,03770099999"
London,2021-08-25,22.1,14.1,17.5,22.1,14.1,17.5,12.3,72.9,0,0,0,,0,0,30.6,17.2,35.8,1025.7,44.9,31,101.8,8.8,5,,2021-08-25T06:02:04,2021-08-25T20:01:59,0.6,Partially cloudy,Partly cloudy throughout the day.,partly-cloudy-day,"03769099999,03680099999,D5621,03672099999,03781099999,03772099999,03770099999"
London,2021-08-26,18.5,16,17.1,18.5,16,17.1,11,67.8,0,0,0,,0,0,39.6,21,19.6,1022,96.3,30.2,72.8,6.3,2,,2021-08-26T06:03:40,2021-08-26T19:59:49,0.63,Overcast,Cloudy skies throughout the day.,cloudy,"03769099999,03680099999,D5621,03672099999,03781099999,03772099999,03770099999"
London,2021-08-27,19,12.6,16,19,12.6,16,10.5,70.7,0,0,0,,0,0,31.7,16.4,13.8,1023.3,64.8,27.7,97.4,8.7,5,,2021-08-27T06:05:16,2021-08-27T19:57:39,0.66,Partially cloudy,Partly cloudy throughout the day.,partly-cloudy-day,"03769099999,03680099999,D5621,03672099999,03781099999,D4121,03772099999,03770099999"
London,2021-08-28,20.5,12.6,16.2,20.5,12.6,16.2,11.7,75.6,0,0,0,,0,0,40.7,17.4,23.8,1025.8,57.1,24.4,98.1,8.3,4,,2021-08-28T06:06:51,2021-08-28T19:55:28,0.69,Partially cloudy,Partly cloudy throughout the day.,partly-cloudy-day,"03769099999,03680099999,D5621,03672099999,03781099999,03772099999,03770099999"
London,2021-08-29,19,11,15.5,19,11,15.5,10.5,73.8,0,0,0,,0,0,32.8,17.3,24.8,1025.3,61.8,29.9,85.5,7.4,3,,2021-08-29T06:08:27,2021-08-29T19:53:17,0.72,Partially cloudy,Partly cloudy throughout the day.,partly-cloudy-day,"03769099999,03680099999,D5621,03660099999,03672099999,03781099999,03772099999,03770099999"
London,2021-08-30,17,14.1,15.8,17,14.1,15.8,11.9,78,0,0,0,,0,0,42.5,18.6,24.6,1025.9,96.9,30.2,37.5,3.2,1,,2021-08-30T06:10:03,2021-08-30T19:51:05,0.75,Overcast,Cloudy skies throughout the day.,cloudy,"03769099999,03680099999,D5621,03672099999,03781099999,03772099999,03770099999"
London,2021-08-31,18.6,14.1,16,18.6,14.1,16,12.2,78.7,0,0,0,,0,0,37.1,17.5,28.7,1029.2,94.9,25.5,72.3,6.2,3,,2021-08-31T06:11:38,2021-08-31T19:48:52,0.79,Overcast,Cloudy skies throughout the day.,cloudy,"03769099999,03680099999,D5621,03672099999,03781099999,03772099999,03770099999"
London,2021-09-01,18.1,14.6,16.3,18.1,14.6,16.3,11.7,74.4,0,0,0,,0,0,35.3,17.2,35.4,1030.7,95.5,25.6,61.7,5.3,2,,2021-09-01T06:13:14,2021-09-01T19:46:39,0.82,Overcast,Cloudy skies throughout the day.,cloudy,"03769099999,03680099999,D5621,03672099999,03781099999,03772099999,03770099999"
London,2021-09-02,19.6,15.5,17,19.6,15.5,17,11.8,72.2,0,0,0,,0,0,40.3,21.1,48.5,1027.8,90.4,20.9,77.6,6.6,4,,2021-09-02T06:14:49,2021-09-02T19:44:25,0.85,Overcast,Cloudy skies throughout the day.,cloudy,"03769099999,03680099999,D5621,03672099999,03781099999,03772099999,03770099999"
London,2021-09-03,21.1,14.6,17.7,21.1,14.6,17.7,12.8,73.2,0,0,0,,0,0,32.4,15.1,66.7,1021.8,72.4,15.1,71.9,6.2,3,,2021-09-03T06:16:25,2021-09-03T19:42:10,0.88,Partially cloudy,Partly cloudy throughout the day.,partly-cloudy-day,"03769099999,03680099999,D5621,03672099999,03781099999,F6665,03772099999,03770099999"
London,2021-09-04,19.1,14.5,16.8,19.1,14.5,16.8,13,78.9,0,0,0,,0,0,33.1,15.4,68,1018.9,79.7,12.8,47,4.2,2,,2021-09-04T06:18:00,2021-09-04T19:39:55,0.92,Partially cloudy,Partly cloudy throughout the day.,partly-cloudy-day,"03769099999,03680099999,D5621,03672099999,03781099999,03772099999,03770099999"
London,2021-09-05,25.1,14.1,18.9,25.1,14.1,18.9,14.2,75.4,0,0,0,,0,0,28.4,10.5,76.1,1020.3,45.8,10.7,95,8.2,6,,2021-09-05T06:19:36,2021-09-05T19:37:40,0.95,Partially cloudy,Clearing in the afternoon.,partly-cloudy-day,"03769099999,03680099999,D5621,03672099999,03781099999,03772099999,03770099999"
London,2021-09-06,27.6,14.6,20.2,28.2,14.6,20.2,15.9,78.6,0,0,0,,0,0,27.7,7.1,108,1022.9,23.9,15,105.8,9.2,5,,2021-09-06T06:21:12,2021-09-06T19:35:24,0.98,Partially cloudy,Partly cloudy throughout the day.,partly-cloudy-day,"03769099999,03680099999,D5621,03672099999,03781099999,03772099999,03770099999"
London,2021-09-07,29.5,15.6,21.8,29.1,15.6,21.8,14.8,69.2,0,0,0,,0,0,27,14.4,109.4,1020.8,2.1,21,106.5,9,6,,2021-09-07T06:22:47,2021-09-07T19:33:08,0,Clear,Clear conditions throughout the day.,clear-day,"03769099999,03680099999,D5621,03672099999,03781099999,03772099999,03770099999"
London,2021-09-08,28.5,16.5,21.6,28.4,16.5,21.6,14.9,68.3,0,0,0,,0,0,36.7,18.8,109.6,1012.9,19.6,19.3,109.3,9.3,6,,2021-09-08T06:24:23,2021-09-08T19:30:52,0.05,Clear,Clear conditions throughout the day.,clear-day,"03769099999,03680099999,D5621,03672099999,03781099999,F6665,03772099999,03770099999"
London,2021-09-09,22.1,16.5,19,22.1,16.5,19,16.4,85.5,4.187,100,8.33,rain,0,0,42.5,21,199.9,1008.5,78.9,17.4,72.2,6.2,4,,2021-09-09T06:25:58,2021-09-09T19:28:35,0.09,"Rain, Partially cloudy",Partly cloudy throughout the day with rain.,rain,"03769099999,03680099999,D5621,03672099999,03781099999,03772099999,03770099999"
London,2021-09-10,22.1,17.1,18.9,22.1,17.1,18.9,16.1,84.2,1.007,100,8.33,rain,0,0,39.2,19,218.9,1010.5,78.6,22.3,46.3,4,2,,2021-09-10T06:27:34,2021-09-10T19:26:18,0.12,"Rain, Partially cloudy",Partly cloudy throughout the day with rain.,rain,"03769099999,03680099999,D5621,03672099999,03781099999,03772099999,03770099999"
London,2021-09-11,22.6,16.5,19.1,22.6,16.5,19.1,14.2,74.6,0.001,100,4.17,rain,0,0,34.2,17.8,248.8,1016,72.2,25.9,68.6,5.9,5,,2021-09-11T06:29:09,2021-09-11T19:24:00,0.16,"Rain, Partially cloudy",Partly cloudy throughout the day with early morning rain.,rain,"03769099999,03680099999,D5621,03672099999,03781099999,D4121,03772099999,03770099999"
London,2021-09-12,21.1,12.5,16.8,21.1,12.5,16.8,11.7,73.1,0,0,0,,0,0,21.2,9.1,343.4,1018.6,58,28.1,87.2,7.7,5,,2021-09-12T06:30:45,2021-09-12T19:21:43,0.19,Partially cloudy,Partly cloudy throughout the day.,partly-cloudy-day,"03769099999,03680099999,D5621,03672099999,03781099999,D4121,03772099999,03770099999"
London,2021-09-13,20.2,14.1,17.2,20.2,14.1,17.2,12.5,74.6,0,0,0,,0,0,37.8,17.5,89.1,1017.7,65.9,28.4,83.4,7.2,4,,2021-09-13T06:32:20,2021-09-13T19:19:25,0.25,Partially cloudy,Partly cloudy throughout the day.,partly-cloudy-day,"03769099999,03680099999,D5621,03672099999,03781099999,D4121,03772099999,03770099999"
London,2021-09-14,19.5,16.1,17.3,19.5,16.1,17.3,16,91.8,19.944,100,12.5,rain,0,0,24.8,11.3,56.3,1011.9,83.9,9,23.4,1.9,1,,2021-09-14T06:33:56,2021-09-14T19:17:07,0.27,"Rain, Partially cloudy",Partly cloudy throughout the day with rain.,rain,"03769099999,03680099999,D5621,03672099999,03781099999,03772099999,03770099999"
London,2021-09-15,20,14.1,17.1,20,14.1,17.1,13.7,81,0.001,100,4.17,rain,0,0,27.7,13.7,352.1,1014,69.3,15.7,58.1,5,3,,2021-09-15T06:35:32,2021-09-15T19:14:49,0.3,"Rain, Partially cloudy",Partly cloudy throughout the day with afternoon rain.,rain,"03769099999,03680099999,D5621,03660099999,03672099999,03781099999,03772099999,03770099999"
London,2021-09-16,23.3,11.6,17,23.3,11.6,17,13.1,79.8,0,0,0,,0,0,26.6,14.1,239.3,1017.4,21.5,15.1,98.1,8.4,6,,2021-09-16T06:37:08,2021-09-16T19:12:30,0.34,Partially cloudy,Partly cloudy throughout the day.,partly-cloudy-day,"03769099999,03680099999,D5621,03660099999,03672099999,03781099999,03768099999,03772099999,03770099999"
London,2021-09-17,21.1,13.3,17,21.1,13.3,17,13,79.1,0,0,0,,0,0,31.3,13.6,200.5,1014.7,52.8,19,88,7.7,5,,2021-09-17T06:38:44,2021-09-17T19:10:12,0.37,Partially cloudy,Partly cloudy throughout the day.,partly-cloudy-day,"03769099999,03680099999,D5621,03672099999,03781099999,03772099999,03770099999"
London,2021-09-18,24,13.6,18.3,24,13.6,18.3,13.3,75.1,0,0,0,,0,0,27.7,14.2,137.4,1013.9,51.3,22.4,82,7.1,4,,2021-09-18T06:40:19,2021-09-18T19:07:53,0.41,Partially cloudy,Partly cloudy throughout the day.,partly-cloudy-day,"03769099999,03680099999,D5621,03672099999,03781099999,03772099999,03770099999"
London,2021-09-19,20.3,15.6,17.4,20.3,15.6,17.4,14.8,85.4,2.995,100,8.33,rain,0,0,23.8,11.3,312.9,1014.3,65.8,16.2,63.4,5.5,4,,2021-09-19T06:41:56,2021-09-19T19:05:35,0.44,"Rain, Partially cloudy",Partly cloudy throughout the day with rain.,rain,"03769099999,03680099999,D5621,03672099999,03781099999,03772099999,03770099999"
London,2021-09-20,19.1,13,16.1,19.1,13,16.1,12.3,78.7,0,0,0,,0,0,35.6,16.3,350.6,1022.5,61.5,23.8,41.9,3.7,2,,2021-09-20T06:43:32,2021-09-20T19:03:16,0.48,Partially cloudy,Partly cloudy throughout the day.,partly-cloudy-day,"03769099999,03680099999,D5621,03672099999,03781099999,03772099999,03770099999"
London,2021-09-21,21.1,11.6,15.7,21.1,11.6,15.7,11.6,78.8,0,0,0,,0,0,17.6,9,286.9,1030,40.3,18.5,94.7,8.3,6,,2021-09-21T06:45:08,2021-09-21T19:00:58,0.5,Partially cloudy,Partly cloudy throughout the day.,partly-cloudy-day,"03769099999,03680099999,D5621,03660099999,03672099999,03781099999,03772099999,03770099999"
London,2021-09-22,22.1,11.1,16,22.1,11.1,16,11.9,78.5,0.199,100,4.17,rain,0,0,31,19.1,244.8,1027.7,17.6,19.7,85.8,7.2,5,,2021-09-22T06:46:44,2021-09-22T18:58:39,0.55,Rain,Clear conditions throughout the day with afternoon rain.,rain,"03769099999,03680099999,D5621,03660099999,03672099999,03781099999,03772099999,03770099999"
London,2021-09-23,20.8,12.1,16.2,20.8,12.1,16.2,13.2,82.7,0,0,0,,0,0,44.3,20.2,252.8,1020.5,45.7,26.5,83.4,7.3,5,,2021-09-23T06:48:21,2021-09-23T18:56:21,0.58,Partially cloudy,Partly cloudy throughout the day.,partly-cloudy-day,"03769099999,03680099999,D5621,03672099999,03781099999,03772099999,03770099999"
London,2021-09-24,23.1,13.1,17.4,23.1,13.1,17.4,13.4,79.2,0,0,0,,0,0,33.8,17.3,238.6,1016.2,42.7,22.7,82.5,7.3,6,,2021-09-24T06:49:58,2021-09-24T18:54:03,0.61,Partially cloudy,Partly cloudy throughout the day.,partly-cloudy-day,"03769099999,03680099999,D5621,03660099999,03672099999,03781099999,F6665,03772099999,03770099999"
London,2021-09-25,18.6,14.3,16.8,18.6,14.3,16.8,15.2,90.4,0,0,0,,0,0,20.2,10.8,228.3,1014.3,74.1,13.8,28.8,2.6,1,,2021-09-25T06:51:34,2021-09-25T18:51:44,0.64,Partially cloudy,Partly cloudy throughout the day.,partly-cloudy-day,"03769099999,03680099999,D5621,03672099999,03781099999,F6665,03772099999,03770099999"
London,2021-09-26,22.1,13.6,17.2,22.1,13.6,17.2,14.3,84.3,0,0,0,,0,0,37.4,22.8,202.1,1011.7,67.9,16.4,50,4.1,2,,2021-09-26T06:53:11,2021-09-26T18:49:26,0.68,Partially cloudy,Partly cloudy throughout the day.,partly-cloudy-day,"03769099999,03680099999,D5621,03672099999,03781099999,03772099999,03770099999"
London,2021-09-27,18.1,12.8,16.2,18.1,12.8,16.2,11.3,73.8,4.007,100,8.33,rain,0,0,59.6,32.9,225.5,1010.5,51.1,26.9,65.5,5.7,4,,2021-09-27T06:54:49,2021-09-27T18:47:09,0.71,"Rain, Partially cloudy",Partly cloudy throughout the day with rain in the morning and afternoon.,rain,"03769099999,03680099999,D5621,03672099999,03781099999,03772099999,03770099999"
London,2021-09-28,17.8,11,14.1,17.8,11,14.1,10.7,80.5,2.006,100,8.33,rain,0,0,61.2,29.3,194,1015.9,56.3,21,51.3,4.4,2,,2021-09-28T06:56:26,2021-09-28T18:44:51,0.74,"Rain, Partially cloudy",Partly cloudy throughout the day with rain.,rain,"03769099999,03680099999,D5621,03672099999,03781099999,03772099999,03770099999"
London,2021-09-29,16,9,12,16,7.1,11.6,7.2,74.4,13.012,100,8.33,rain,0,0,56.5,26.5,279.7,1019.1,30.8,35.7,84.3,7.3,5,,2021-09-29T06:58:04,2021-09-29T18:42:34,0.75,"Rain, Partially cloudy",Partly cloudy throughout the day with rain.,rain,"03769099999,03680099999,D5621,03660099999,03672099999,03781099999,03772099999,03770099999"
London,2021-09-30,16.1,7.6,12.6,16.1,6.4,12.2,9.5,81.6,0.201,100,8.33,rain,0,0,51.8,28.8,213.3,1020.9,76,20,44,3.8,2,,2021-09-30T06:59:41,2021-09-30T18:40:17,0.81,"Rain, Partially cloudy",Partly cloudy throughout the day with rain.,rain,"03769099999,03680099999,D5621,03672099999,03781099999,03772099999,03770099999"